0.0015268325805664062
0.0015163421630859375
0.002513408660888672
0.0
0.002042055130004883
0.0
0.0010180473327636719
0.001512765884399414
0.0030062198638916016
0.0
0.0013279914855957031
0.002075672149658203
0.001453399658203125
0.0020079612731933594
0.002257823944091797
0.0011379718780517578
0.0011935234069824219
0.0019867420196533203
0.001850128173828125
0.0038764476776123047
0.0012576580047607422
0.001268625259399414
0.001920461654663086
0.0012423992156982422
0.002285480499267578
0.0015139579772949219
0.0008440017700195312
0.0022056102752685547
0.0015134811401367188
0.002008676528930664
0.002009153366088867
0.0010690689086914062
0.002094745635986328
0.0017404556274414062
0.0018892288208007812
0.001773834228515625
0.0020024776458740234
0.0020694732666015625
0.0022559165954589844
0.0020132064819335938
0.002008199691772461
0.0020084381103515625
0.0020728111267089844
0.00194549560546875
0.001842498779296875
0.0017821788787841797
0.0020530223846435547
0.0021317005157470703
0.0020055770874023438
0.0015473365783691406
0.002897024154663086
0.001954317092895508
0.002118825912475586
0.0020935535430908203
0.001298666000366211
0.0015137195587158203
0.0020079612731933594
0.0031888484954833984
0.002123117446899414
0.002346038818359375
0.009947061538696289
0.0033910274505615234
0.004364013671875
0.0015254020690917969
0.0025000572204589844
0.0019505023956298828
0.0017387866973876953
0.004694461822509766
0.0018992424011230469
0.0021729469299316406
0.002277851104736328
0.0020062923431396484
0.0015113353729248047
0.002008676528930664
0.0012755393981933594
0.001909494400024414
0.002016782760620117
0.001973867416381836
0.0
0.0015320777893066406
0.0016918182373046875
0.0051517486572265625
0.003665447235107422
0.002361774444580078
0.002290487289428711
0.0027017593383789062
0.0021674633026123047
0.002572774887084961
0.0021009445190429688
0.0020067691802978516
0.0020055770874023438
0.00044989585876464844
0.002353191375732422
0.0033376216888427734
0.0020067691802978516
0.0010387897491455078
0.0015919208526611328
0.0020847320556640625
0.002103567123413086
0.0017790794372558594
0.0009953975677490234
0.0035104751586914062
0.002199888229370117
0.0021834373474121094
0.002521514892578125
0.002660512924194336
0.002547740936279297
0.001697540283203125
0.001493692398071289
0.0020074844360351562
0.0020079612731933594
0.0
0.0007405281066894531
0.002529621124267578
0.0022101402282714844
0.002039670944213867
0.0020074844360351562
0.002315521240234375
0.0001163482666015625
0.0024826526641845703
0.002515554428100586
0.002723217010498047
0.0020089149475097656
0.002391338348388672
0.0019388198852539062
0.0020072460174560547
0.002008676528930664
0.0022516250610351562
0.0001270771026611328
0.0022933483123779297
0.0018799304962158203
0.002348184585571289
0.0020084381103515625
0.00200653076171875
0.0020062923431396484
0.0030088424682617188
0.002039194107055664
0.002811908721923828
0.0001246929168701172
0.0021255016326904297
0.0003993511199951172
0.0021877288818359375
0.021764516830444336
0.008391857147216797
0.0020155906677246094
0.0
0.0
0.003631114959716797
0.0
0.0020186901092529297
0.0005164146423339844
0.0011136531829833984
0.0018754005432128906
0.0
0.0
0.0
0.0
0.0015146732330322266
0.0
0.0020797252655029297
0.0
0.0005161762237548828
0.0022292137145996094
0.0
0.0
0.0
0.0
6.127357482910156e-05
0.0
0.0
0.0
0.0
0.0
0.0
0.001028299331665039
0.001516103744506836
0.0
0.00203704833984375
0.0020067691802978516
0.0034160614013671875
0.0014147758483886719
0.0016999244689941406
0.0030181407928466797
0.0009996891021728516
0.0015132427215576172
0.002008676528930664
0.0021283626556396484
0.002007722854614258
0.001293182373046875
0.0013360977172851562
0.001968860626220703
0.0010077953338623047
0.002007722854614258
0.0015227794647216797
0.0011396408081054688
0.0016911029815673828
0.002199888229370117
0.0010085105895996094
0.0015156269073486328
0.0020093917846679688
0.0016448497772216797
0.00191497802734375
0.0020089149475097656
0.002008676528930664
0.002131223678588867
0.001008749008178711
0.0017287731170654297
0.0018553733825683594
0.002101898193359375
0.0020079612731933594
0.0011131763458251953
0.0020198822021484375
0.003371715545654297
0.0016279220581054688
0.0017359256744384766
0.002245187759399414
0.0015153884887695312
0.0020513534545898438
0.0015735626220703125
0.0022826194763183594
0.0016672611236572266
0.0015807151794433594
0.0012843608856201172
0.001031637191772461
0.0013403892517089844
0.004459381103515625
0.0020055770874023438
0.0022552013397216797
0.0013184547424316406
0.0017769336700439453
0.0010080337524414062
0.002007007598876953
0.0018157958984375
0.006490945816040039
0.0020160675048828125
0.00441288948059082
0.0016436576843261719
0.0021293163299560547
0.002006053924560547
0.0015156269073486328
0.0020079612731933594
0.001501321792602539
0.0005114078521728516
0.0023145675659179688
0.002107858657836914
0.0020072460174560547
0.0015172958374023438
0.002007722854614258
0.0019252300262451172
0.001275777816772461
0.002070188522338867
0.002043485641479492
0.0020456314086914062
0.0015153884887695312
0.0
0.003728628158569336
0.0013818740844726562
0.0019214153289794922
0.001741647720336914
0.0017545223236083984
0.002007007598876953
0.0020072460174560547
0.002007007598876953
0.002026081085205078
0.0014185905456542969
0.0015156269073486328
0.0020084381103515625
0.0015239715576171875
0.0020287036895751953
0.002214193344116211
0.0015408992767333984
0.001646280288696289
0.0020089149475097656
0.0020079612731933594
0.0010089874267578125
0.002260446548461914
0.002008199691772461
0.0021674633026123047
0.0013835430145263672
0.002101421356201172
0.0020079612731933594
0.001008749008178711
0.002167940139770508
0.001508951187133789
0.0010349750518798828
0.0015244483947753906
0.0022711753845214844
0.001264810562133789
0.0012989044189453125
0.002294301986694336
0.0021924972534179688
0.0021491050720214844
0.0015163421630859375
0.0036177635192871094
0.0015125274658203125
0.0020973682403564453
0.002008676528930664
0.001756429672241211
0.001516580581665039
0.0020165443420410156
0.002025604248046875
0.0010082721710205078
0.0011658668518066406
0.0014197826385498047
0.0020394325256347656
0.0012803077697753906
0.001234292984008789
0.0020093917846679688
0.002006053924560547
0.0019996166229248047
0.0018680095672607422
0.002087831497192383
0.0015125274658203125
0.0015225410461425781
0.0015156269073486328
0.0020055770874023438
0.0017933845520019531
0.0015163421630859375
0.002007722854614258
0.002008199691772461
0.001779794692993164
0.000331878662109375
0.003321409225463867
0.0017044544219970703
0.0022313594818115234
0.0035474300384521484
0.0015823841094970703
0.002101898193359375
0.0020079612731933594
0.001008749008178711
0.013868331909179688
0.0036211013793945312
0.0010063648223876953
0.0010077953338623047
0.0032346248626708984
0.0020084381103515625
0.0013399124145507812
0.0010073184967041016
0.002008676528930664
0.0010073184967041016
0.0020072460174560547
0.0029964447021484375
0.0020503997802734375
0.0013701915740966797
0.002062082290649414
0.0019927024841308594
0.002018451690673828
0.002008199691772461
0.0020055770874023438
0.0017375946044921875
0.0013651847839355469
0.002088785171508789
0.0017082691192626953
0.0015141963958740234
0.0020074844360351562
0.0013828277587890625
0.0022122859954833984
0.0019009113311767578
0.0019152164459228516
0.0010097026824951172
0.0020084381103515625
0.0020067691802978516
0.0016036033630371094
0.0020356178283691406
0.0015153884887695312
0.0012848377227783203
0.0020143985748291016
0.0020074844360351562
0.0019321441650390625
0.0017666816711425781
0.0010068416595458984
0.002007007598876953
0.002007722854614258
0.0030133724212646484
0.0020079612731933594
0.0031998157501220703
0.002072572708129883
0.00189208984375
0.0015141963958740234
0.0015156269073486328
0.002264738082885742
0.0020062923431396484
0.0018248558044433594
0.0014460086822509766
0.00225830078125
0.0020072460174560547
0.0020093917846679688
0.001007080078125
0.0013611316680908203
0.002008199691772461
0.0020210742950439453
0.00200653076171875
0.0020067691802978516
0.0020089149475097656
0.0021653175354003906
0.0018794536590576172
0.0023539066314697266
0.0021507740020751953
0.0
0.00200653076171875
0.0012917518615722656
0.0016307830810546875
0.0014102458953857422
0.0023183822631835938
0.001524209976196289
0.0015139579772949219
0.0015294551849365234
0.0020067691802978516
0.002081155776977539
0.002088785171508789
0.0018932819366455078
0.0015153884887695312
0.0020084381103515625
0.0020089149475097656
0.002026796340942383
0.0017981529235839844
0.0019071102142333984
0.002008676528930664
0.0015139579772949219
0.0020093917846679688
0.0020067691802978516
0.0010068416595458984
0.0018086433410644531
0.0021927356719970703
0.0011839866638183594
0.0015130043029785156
0.002005338668823242
0.029135942459106445
0.002583742141723633
0.003021240234375
0.001608133316040039
0.0016393661499023438
0.0020072460174560547
0.0020911693572998047
0.0016126632690429688
0.0015146732330322266
0.0015168190002441406
0.002008199691772461
0.0021004676818847656
0.0016167163848876953
0.0015578269958496094
0.002136707305908203
0.0020084381103515625
0.002008199691772461
0.002161264419555664
0.0015146732330322266
0.001984834671020508
0.001667022705078125
0.0
0.0012392997741699219
0.0030107498168945312
0.002007007598876953
0.001741170883178711
0.0018494129180908203
0.0015597343444824219
0.002074718475341797
0.013732671737670898
0.010963201522827148
0.007514238357543945
0.0
0.005393505096435547
0.0023872852325439453
0.0015130043029785156
0.0015523433685302734
0.0018072128295898438
0.0020661354064941406
0.0015137195587158203
0.0015192031860351562
0.0020089149475097656
0.002283334732055664
0.001964569091796875
0.0017168521881103516
0.0015137195587158203
0.0015137195587158203
0.0015141963958740234
0.0023169517517089844
0.002447843551635742
0.0028655529022216797
0.0018210411071777344
0.002028226852416992
0.001008749008178711
0.0020151138305664062
0.0010085105895996094
0.0017573833465576172
0.0019309520721435547
0.002008199691772461
0.001516580581665039
0.0010075569152832031
0.0011191368103027344
0.002009153366088867
0.0019290447235107422
0.0011568069458007812
0.0017559528350830078
0.002007007598876953
0.0015170574188232422
0.0014472007751464844
0.002288818359375
0.0010077953338623047
0.0020074844360351562
0.0010073184967041016
0.0012960433959960938
0.0016202926635742188
0.0015561580657958984
0.0015687942504882812
0.002009153366088867
0.0010085105895996094
0.0020415782928466797
0.002086162567138672
0.0022530555725097656
0.0020623207092285156
0.0023255348205566406
0.0020072460174560547
0.0020079612731933594
0.0018093585968017578
0.002097606658935547
0.0015149116516113281
0.0021123886108398438
0.0010068416595458984
0.002008199691772461
0.0014874935150146484
0.0016872882843017578
0.00211334228515625
0.02095937728881836
0.00565648078918457
0.0015187263488769531
0.002007007598876953
0.0020093917846679688
0.0017533302307128906
0.001991748809814453
0.001302957534790039
0.0020079612731933594
0.0012843608856201172
0.0010068416595458984
0.0010535717010498047
0.0017635822296142578
0.0010077953338623047
0.001514434814453125
0.0020058155059814453
0.002128124237060547
0.0018773078918457031
0.002251863479614258
0.0012922286987304688
0.0014142990112304688
0.002424478530883789
0.0020079612731933594
0.00026869773864746094
0.0017197132110595703
0.0015175342559814453
0.0013375282287597656
0.00200653076171875
0.0013813972473144531
0.0016756057739257812
0.0035848617553710938
0.0013298988342285156
0.001959562301635742
0.0015115737915039062
0.001514434814453125
0.0018489360809326172
0.00179290771484375
0.001729726791381836
0.0015363693237304688
0.0015146732330322266
0.0020079612731933594
0.002205371856689453
0.0017499923706054688
0.0020716190338134766
0.002007007598876953
0.0015153884887695312
0.0010082721710205078
0.00189971923828125
0.0013241767883300781
0.0021200180053710938
0.00202178955078125
0.002006053924560547
0.0010075569152832031
0.0014424324035644531
0.001852273941040039
0.0019350051879882812
0.0021598339080810547
0.001514434814453125
0.0016872882843017578
0.0020494461059570312
0.0022177696228027344
0.0017189979553222656
0.0015134811401367188
0.0010077953338623047
0.0013980865478515625
0.0023109912872314453
0.0016553401947021484
0.0020079612731933594
0.0010080337524414062
0.0020079612731933594
0.002039194107055664
0.0019953250885009766
0.0016586780548095703
0.002121448516845703
0.0010073184967041016
0.003768444061279297
0.0020711421966552734
0.0020079612731933594
0.0010080337524414062
0.0012745857238769531
0.0014851093292236328
0.0021948814392089844
0.0018596649169921875
0.0015180110931396484
0.0013780593872070312
0.0015172958374023438
0.0019161701202392578
0.0013799667358398438
0.0015513896942138672
0.001005411148071289
0.00200653076171875
0.0022754669189453125
0.0013229846954345703
0.0018055438995361328
0.0020074844360351562
0.02537083625793457
0.002981901168823242
0.0007967948913574219
0.003432035446166992
0.002177000045776367
0.0020079612731933594
0.0020084381103515625
0.0020630359649658203
0.0013284683227539062
0.002218484878540039
0.0018193721771240234
0.002009153366088867
0.001009225845336914
0.0020074844360351562
0.0013418197631835938
0.0013654232025146484
0.0013554096221923828
0.0015149116516113281
0.0015146732330322266
0.0020093917846679688
0.0010082721710205078
0.0017046928405761719
0.0021734237670898438
0.0022666454315185547
0.002008676528930664
0.002008199691772461
0.0014069080352783203
0.001009225845336914
0.0016412734985351562
0.0024280548095703125
0.0020973682403564453
0.001514434814453125
0.0020089149475097656
0.0010061264038085938
0.002347230911254883
0.001926422119140625
0.00136566162109375
0.0014808177947998047
0.0010097026824951172
0.0015251636505126953
0.0019273757934570312
0.0015332698822021484
0.0015170574188232422
0.0010085105895996094
0.0020074844360351562
0.0016481876373291016
0.0019974708557128906
0.0012276172637939453
0.001199960708618164
0.0020079612731933594
0.0015139579772949219
0.001531362533569336
0.002107381820678711
0.002201080322265625
0.002015352249145508
0.0020079612731933594
0.002458810806274414
0.0021848678588867188
0.0019593238830566406
0.002008199691772461
0.0017256736755371094
0.002007722854614258
0.0020074844360351562
0.0020055770874023438
0.0011458396911621094
0.002027750015258789
0.0014300346374511719
0.0020568370819091797
0.0023272037506103516
0.0020072460174560547
0.0030057430267333984
0.0005161762237548828
0.002405405044555664
0.0020914077758789062
0.0019037723541259766
0.0020079612731933594
0.0020072460174560547
0.0015137195587158203
0.0010068416595458984
0.0018253326416015625
0.0017344951629638672
0.0010077953338623047
0.0015227794647216797
0.0010349750518798828
0.0007719993591308594
0.0019414424896240234
0.002008676528930664
0.0015141963958740234
0.002007007598876953
0.0017898082733154297
0.0007722377777099609
0.002165079116821289
0.0015156269073486328
0.0015146732330322266
0.003007650375366211
0.003038644790649414
0.0030155181884765625
0.002508401870727539
0.0020074844360351562
0.002416372299194336
0.00037217140197753906
0.0036547183990478516
0.002007007598876953
0.0021615028381347656
0.0015230178833007812
0.0022885799407958984
0.0012710094451904297
0.0021631717681884766
0.001524209976196289
0.0015332698822021484
0.001873016357421875
0.002022981643676758
0.002014636993408203
0.002008199691772461
0.0010387897491455078
0.0015163421630859375
0.0013992786407470703
0.0013206005096435547
0.0020837783813476562
0.0013914108276367188
0.001516103744506836
0.002009153366088867
0.0010075569152832031
0.0011632442474365234
0.0018050670623779297
0.0023114681243896484
0.0020062923431396484
0.0020084381103515625
0.0030083656311035156
0.0015387535095214844
0.0021533966064453125
0.0018236637115478516
0.0012464523315429688
0.0012650489807128906
0.0020072460174560547
0.0014348030090332031
0.0015108585357666016
0.002008199691772461
0.002351522445678711
0.0015113353729248047
0.0020067691802978516
0.0020072460174560547
0.0023391246795654297
0.002302408218383789
0.0010972023010253906
0.002006053924560547
0.001008749008178711
0.0015239715576171875
0.0012674331665039062
0.0008478164672851562
0.0028934478759765625
0.002228260040283203
0.002311229705810547
0.0010073184967041016
0.0020072460174560547
0.0010068416595458984
0.0013813972473144531
0.0015530586242675781
0.0018420219421386719
0.002007722854614258
0.002007007598876953
0.0020079612731933594
0.002007007598876953
0.0013430118560791016
0.001514434814453125
0.0015244483947753906
0.0020079612731933594
0.002337932586669922
0.0018384456634521484
0.0017478466033935547
0.0020096302032470703
0.002094745635986328
0.0015223026275634766
0.0020079612731933594
0.0003285408020019531
0.0013837814331054688
0.002015352249145508
0.001194000244140625
0.0020074844360351562
0.0020275115966796875
0.002134561538696289
0.0017955303192138672
0.004483461380004883
0.002703428268432617
0.0
0.0019826889038085938
0.0021898746490478516
0.0020084381103515625
0.002523183822631836
0.002008199691772461
0.0010082721710205078
0.001596212387084961
0.0020215511322021484
0.0010063648223876953
0.002007007598876953
0.002008199691772461
0.0014495849609375
0.001384735107421875
0.0020363330841064453
0.001932382583618164
0.002008676528930664
0.002032041549682617
0.0016567707061767578
0.0022225379943847656
0.001669168472290039
0.0015163421630859375
0.0020079612731933594
0.0017654895782470703
0.0020127296447753906
0.001600503921508789
0.0018961429595947266
0.0019507408142089844
0.002008199691772461
0.002007722854614258
0.0015637874603271484
0.0015332698822021484
0.0018525123596191406
0.0010221004486083984
0.0020072460174560547
0.002007007598876953
0.0014481544494628906
0.001961231231689453
0.0022504329681396484
0.002144336700439453
0.0010161399841308594
0.0015244483947753906
0.001420736312866211
0.0020079612731933594
0.0018944740295410156
0.0010113716125488281
0.0015141963958740234
0.0020079612731933594
0.0015125274658203125
0.0014233589172363281
0.0017688274383544922
0.0020074844360351562
0.002007007598876953
0.0020072460174560547
0.002006053924560547
0.0016949176788330078
0.0020165443420410156
0.0015146732330322266
0.0020072460174560547
0.0015261173248291016
0.0012390613555908203
0.0020303726196289062
0.0017023086547851562
0.0013928413391113281
0.001516103744506836
0.001514434814453125
0.0015132427215576172
0.002007007598876953
0.002040386199951172
0.001965761184692383
0.0021572113037109375
0.0020456314086914062
0.0015132427215576172
0.0010097026824951172
0.0013027191162109375
0.0024576187133789062
0.002327442169189453
0.0020868778228759766
0.0011682510375976562
0.0010061264038085938
0.001514434814453125
0.001680135726928711
0.0023627281188964844
0.01613903045654297
0.004271507263183594
0.003008604049682617
0.0020072460174560547
0.0013594627380371094
0.001009225845336914
0.00200653076171875
0.0020084381103515625
0.0010080337524414062
0.0020084381103515625
0.0011844635009765625
0.002043485641479492
0.001306295394897461
0.001699686050415039
0.0013098716735839844
0.0020062923431396484
0.002050638198852539
0.0020079612731933594
0.001007080078125
0.0015132427215576172
0.0015170574188232422
0.0014727115631103516
0.0015802383422851562
0.0018825531005859375
0.002007722854614258
0.0020055770874023438
0.0012314319610595703
0.002613544464111328
0.0021076202392578125
0.0021979808807373047
0.0019512176513671875
0.001239776611328125
0.0010085105895996094
0.00200653076171875
0.0015583038330078125
0.0019366741180419922
0.0020928382873535156
0.001516103744506836
0.0020055770874023438
0.002008676528930664
0.0019431114196777344
0.0007967948913574219
0.0016865730285644531
0.0015151500701904297
0.0015151500701904297
0.0030062198638916016
0.002008199691772461
0.0023741722106933594
0.0008177757263183594
0.0021407604217529297
0.0011966228485107422
0.002020597457885742
0.0014829635620117188
0.0
0.0018203258514404297
0.0014750957489013672
0.0015151500701904297
0.001008749008178711
0.0010082721710205078
0.0020072460174560547
0.0023627281188964844
0.0013422966003417969
0.0015232563018798828
0.0015151500701904297
0.00200653076171875
0.0015430450439453125
0.0018734931945800781
0.002118349075317383
0.0021843910217285156
0.0016410350799560547
0.0020079612731933594
0.0020074844360351562
0.0035517215728759766
0.0020074844360351562
0.002704620361328125
0.002201557159423828
0.0020971298217773438
0.0014710426330566406
0.002008199691772461
0.0019521713256835938
0.0010058879852294922
0.0019779205322265625
0.0017654895782470703
0.001134634017944336
0.0010058879852294922
0.0020096302032470703
0.0020079612731933594
0.0023140907287597656
0.013590812683105469
0.0035254955291748047
0.0030088424682617188
0.002568960189819336
0.0020399093627929688
0.00200653076171875
0.0020089149475097656
0.0015995502471923828
0.0017116069793701172
0.0017209053039550781
0.0016825199127197266
0.0016279220581054688
0.002008199691772461
0.0020074844360351562
0.002310037612915039
0.0011785030364990234
0.0014660358428955078
0.002222776412963867
0.0011141300201416016
0.0015141963958740234
0.0010085105895996094
0.002007722854614258
0.0017516613006591797
0.0020074844360351562
0.0014913082122802734
0.0020062923431396484
0.0016486644744873047
0.0012121200561523438
0.0015790462493896484
0.0016627311706542969
0.0016925334930419922
0.0015170574188232422
0.001514434814453125
0.002007722854614258
0.0023469924926757812
0.0006384849548339844
0.002060413360595703
0.0015151500701904297
0.002042055130004883
0.00200653076171875
0.0020067691802978516
0.001230478286743164
0.00035190582275390625
0.001979827880859375
0.00200653076171875
0.0015134811401367188
0.0010094642639160156
0.0020439624786376953
0.002306222915649414
0.0007984638214111328
0.0022063255310058594
0.0015153884887695312
0.0013685226440429688
0.0020074844360351562
0.0020067691802978516
0.0017812252044677734
0.0012454986572265625
0.002259969711303711
0.001008749008178711
0.002009153366088867
0.00139617919921875
0.0020024776458740234
0.0020296573638916016
0.0010080337524414062
0.001493692398071289
0.0020079612731933594
0.0020732879638671875
0.0018286705017089844
0.0020334720611572266
0.001007080078125
0.0020170211791992188
0.0020051002502441406
0.001008749008178711
0.0014233589172363281
0.0015857219696044922
0.0015153884887695312
0.002007007598876953
0.0010073184967041016
0.002039670944213867
0.0019724369049072266
0.001514434814453125
0.0015125274658203125
0.0020074844360351562
0.0020072460174560547
0.0016579627990722656
0.0019109249114990234
0.002006053924560547
0.0012009143829345703
0.0020074844360351562
0.0015141963958740234
0.003755331039428711
0.0013005733489990234
0.0013155937194824219
0.0019910335540771484
0.0020084381103515625
0.004422187805175781
0.007673978805541992
0.004865169525146484
0.0020351409912109375
0.0013935565948486328
0.003301382064819336
0.0015139579772949219
0.0010478496551513672
0.001009225845336914
0.0022172927856445312
0.0016269683837890625
0.001512765884399414
0.0020072460174560547
0.0015110969543457031
0.001514434814453125
0.002007722854614258
0.0012750625610351562
0.0013549327850341797
0.0018725395202636719
0.0
0.002023458480834961
0.0020084381103515625
0.0033986568450927734
0.002008676528930664
0.0021615028381347656
0.0009443759918212891
0.001986265182495117
0.0015234947204589844
0.0020368099212646484
0.002007722854614258
0.001329660415649414
0.0017430782318115234
0.002208709716796875
0.0019791126251220703
0.0013582706451416016
0.0020093917846679688
0.0010051727294921875
0.0023255348205566406
0.0018932819366455078
0.001596689224243164
0.0020072460174560547
0.0020084381103515625
0.0010073184967041016
0.001710653305053711
0.003095865249633789
0.001955270767211914
0.0010235309600830078
0.0015125274658203125
0.0020084381103515625
0.0020067691802978516
0.0016007423400878906
0.002198934555053711
0.0018360614776611328
0.0020072460174560547
0.0020074844360351562
0.0010085105895996094
0.0020704269409179688
0.0023956298828125
0.0013298988342285156
0.0015785694122314453
0.002008676528930664
0.0020084381103515625
0.0014677047729492188
0.002030611038208008
0.0018434524536132812
0.002008676528930664
0.0015132427215576172
0.0020089149475097656
0.0010066032409667969
0.0022361278533935547
0.002386808395385742
0.0
0.0020585060119628906
0.0015215873718261719
0.0020084381103515625
0.0020356178283691406
0.0003681182861328125
0.002165555953979492
0.001007080078125
0.0021262168884277344
0.002008199691772461
0.002351045608520508
0.0014667510986328125
0.0020079612731933594
0.0015158653259277344
0.0020084381103515625
0.0010075569152832031
0.0019545555114746094
0.008203268051147461
0.004395723342895508
0.005517244338989258
0.0020072460174560547
0.002007007598876953
0.0
0.0020160675048828125
0.0009946823120117188
0.0025339126586914062
0.0016028881072998047
0.0020084381103515625
0.0020079612731933594
0.0021529197692871094
0.002093791961669922
0.0011072158813476562
0.002006053924560547
0.0010085105895996094
0.0020072460174560547
0.0030090808868408203
0.003075122833251953
0.003009319305419922
0.002577066421508789
0.0010082721710205078
0.0014004707336425781
0.001622915267944336
0.002007007598876953
0.0015137195587158203
0.0020666122436523438
0.002032041549682617
0.0011420249938964844
0.0016460418701171875
0.0018205642700195312
0.002009153366088867
0.0015158653259277344
0.001199483871459961
0.0022776126861572266
0.0022559165954589844
0.001332998275756836
0.0010075569152832031
0.0020084381103515625
0.0018925666809082031
0.0016629695892333984
0.00218963623046875
0.0020062923431396484
0.0015132427215576172
0.0010068416595458984
0.0020589828491210938
0.0014293193817138672
0.001617431640625
0.0020062923431396484
0.00200653076171875
0.0010063648223876953
0.0012784004211425781
0.001687765121459961
0.0015130043029785156
0.0017216205596923828
0.0013866424560546875
0.0014488697052001953
0.0020236968994140625
0.002475738525390625
0.0016922950744628906
0.001009225845336914
0.0020067691802978516
0.002037525177001953
0.00031447410583496094
0.0017390251159667969
0.0014400482177734375
0.0014123916625976562
0.002008199691772461
0.0019524097442626953
0.0018310546875
0.001650094985961914
0.0013148784637451172
0.0020072460174560547
0.002009153366088867
0.0020062923431396484
0.0013387203216552734
0.0010199546813964844
0.0011072158813476562
0.0010559558868408203
0.0020072460174560547
0.0020236968994140625
0.0024907588958740234
0.001611948013305664
0.001104116439819336
0.0020067691802978516
0.002008676528930664
0.0020072460174560547
0.0033102035522460938
0.010507583618164062
0.004387855529785156
0.0022928714752197266
0.001813650131225586
0.002009153366088867
0.0017628669738769531
0.0020105838775634766
0.0015261173248291016
0.0020101070404052734
0.002211332321166992
0.0013566017150878906
0.0017728805541992188
0.002232789993286133
0.001516103744506836
0.001512765884399414
0.0010085105895996094
0.0010716915130615234
0.0023376941680908203
0.0020058155059814453
0.002007722854614258
0.00200653076171875
0.0015230178833007812
0.001007080078125
0.002421140670776367
0.0019745826721191406
0.002008199691772461
0.002007007598876953
0.002007007598876953
0.0013773441314697266
0.002048015594482422
0.0016100406646728516
0.0010085105895996094
0.0017611980438232422
0.0020072460174560547
0.0020096302032470703
0.0016543865203857422
0.0022962093353271484
0.0019199848175048828
0.0020651817321777344
0.0015125274658203125
0.0020089149475097656
0.0023610591888427734
0.0018918514251708984
0.0011703968048095703
0.002155303955078125
0.0010645389556884766
0.0015251636505126953
0.0020093917846679688
0.001462697982788086
0.0017461776733398438
0.002142667770385742
0.001514434814453125
0.002005338668823242
0.0015234947204589844
0.002008199691772461
0.003855466842651367
0.0020067691802978516
0.001519918441772461
0.002221345901489258
0.0017690658569335938
0.0020084381103515625
0.002007722854614258
0.002007007598876953
0.002113819122314453
0.0016291141510009766
0.001007080078125
0.0013682842254638672
0.0015194416046142578
0.0011434555053710938
0.0020117759704589844
0.0020055770874023438
0.002140522003173828
0.0010082721710205078
0.0020368099212646484
0.0016942024230957031
0.0018641948699951172
0.002362489700317383
0.0010082721710205078
0.0020055770874023438
0.002008199691772461
0.001007080078125
0.001680135726928711
0.002324819564819336
0.002007722854614258
0.002137422561645508
0.0010132789611816406
0.002077341079711914
0.0019664764404296875
0.0014443397521972656
0.002034902572631836
0.0015139579772949219
0.0015141963958740234
0.001522064208984375
0.02252197265625
0.003551959991455078
0.0
0.0013773441314697266
0.0016944408416748047
0.0010058879852294922
0.0010085105895996094
0.0020084381103515625
0.0020248889923095703
0.0022077560424804688
0.0022525787353515625
0.0020062923431396484
0.001008749008178711
0.0020084381103515625
0.002008199691772461
0.0020780563354492188
0.002262592315673828
0.0019254684448242188
0.002008199691772461
0.002008676528930664
0.0014607906341552734
0.0020067691802978516
0.00200653076171875
0.0016524791717529297
0.0020079612731933594
0.002009153366088867
0.002001047134399414
0.0011324882507324219
0.002089262008666992
0.0014336109161376953
0.0021009445190429688
0.0021812915802001953
0.002008199691772461
0.0014598369598388672
0.0016105175018310547
0.0032317638397216797
0.0023200511932373047
0.0015628337860107422
0.002010822296142578
0.00200653076171875
0.002008199691772461
0.0018055438995361328
0.001825094223022461
0.002008676528930664
0.0020079612731933594
0.0020074844360351562
0.002008199691772461
0.002305269241333008
0.0022220611572265625
0.0020751953125
0.0025153160095214844
0.0025327205657958984
0.001512765884399414
0.002007007598876953
0.001377105712890625
0.0020830631256103516
0.002046823501586914
0.00200653076171875
0.0018954277038574219
0.002007007598876953
0.0020875930786132812
0.001489400863647461
0.0015263557434082031
0.0021653175354003906
0.002007722854614258
0.0015156269073486328
0.002007722854614258
0.002007722854614258
0.0010499954223632812
0.001695871353149414
0.002129793167114258
0.0015151500701904297
0.0020084381103515625
0.002007007598876953
0.0013475418090820312
0.0020074844360351562
0.0020813941955566406
0.0020074844360351562
0.0020089149475097656
0.0012841224670410156
0.0003485679626464844
0.0020732879638671875
0.001977205276489258
0.0017025470733642578
0.0030078887939453125
0.0020074844360351562
0.0017151832580566406
0.0017800331115722656
0.0020003318786621094
0.002238035202026367
0.009795665740966797
0.0
0.002520322799682617
0.002008676528930664
0.0019152164459228516
0.0019996166229248047
0.0016429424285888672
0.0
0.0013856887817382812
0.0015137195587158203
0.0010097026824951172
0.0020020008087158203
0.0021448135375976562
0.0021233558654785156
0.0020067691802978516
0.001516103744506836
0.0020923614501953125
0.0013985633850097656
0.0
0.0018804073333740234
0.0020151138305664062
0.0020079612731933594
0.00200653076171875
0.0012652873992919922
0.0021245479583740234
0.0019388198852539062
0.0013091564178466797
0.0015139579772949219
0.002007722854614258
0.0020995140075683594
0.0013096332550048828
0.0015139579772949219
0.0011148452758789062
0.002008676528930664
0.0020074844360351562
0.0015234947204589844
0.0017170906066894531
0.0015268325805664062
0.001516103744506836
0.0013480186462402344
0.00200653076171875
0.0015778541564941406
0.002073049545288086
0.0010089874267578125
0.0020072460174560547
0.0020084381103515625
0.0012493133544921875
0.0004892349243164062
0.0017049312591552734
0.0018482208251953125
0.0020897388458251953
0.002008199691772461
0.0020351409912109375
0.002299070358276367
0.0020847320556640625
0.0016674995422363281
0.0015146732330322266
0.0020079612731933594
0.002008676528930664
0.002007722854614258
0.0016169548034667969
0.0021746158599853516
0.0019996166229248047
0.0011894702911376953
0.002008199691772461
0.0015151500701904297
0.00200653076171875
0.0017135143280029297
0.0018606185913085938
0.0010082721710205078
0.0010066032409667969
0.0020072460174560547
0.0020072460174560547
0.0016095638275146484
0.0015954971313476562
0.002119779586791992
0.001516580581665039
0.0020101070404052734
0.001932382583618164
0.0018699169158935547
0.0014674663543701172
0.0019309520721435547
0.00200653076171875
0.0020051002502441406
0.002006053924560547
0.002159595489501953
0.012591361999511719
0.0034453868865966797
0.002007722854614258
0.0010669231414794922
0.0020072460174560547
0.0020072460174560547
0.0021762847900390625
0.0022225379943847656
0.001512765884399414
0.0020089149475097656
0.003007650375366211
0.002007007598876953
0.002007722854614258
0.0013756752014160156
0.0014383792877197266
0.0024001598358154297
0.001514434814453125
0.002009153366088867
0.001132965087890625
0.0014653205871582031
0.0018188953399658203
0.0024738311767578125
0.0015149116516113281
0.0010519027709960938
0.0020067691802978516
0.0013844966888427734
0.0015654563903808594
0.002016305923461914
0.0013232231140136719
0.0010085105895996094
0.0019538402557373047
0.0014739036560058594
0.002025604248046875
0.002097606658935547
0.0020084381103515625
0.0020074844360351562
0.0010082721710205078
0.0020160675048828125
0.001794576644897461
0.0018069744110107422
0.0019145011901855469
0.0015153884887695312
0.002007722854614258
0.0010073184967041016
0.002007722854614258
0.001886606216430664
0.0020744800567626953
0.0015163421630859375
0.002187013626098633
0.0020084381103515625
0.0020067691802978516
0.001558065414428711
0.0020067691802978516
0.0020089149475097656
0.0015156269073486328
0.0015223026275634766
0.002112150192260742
0.00174713134765625
0.002137899398803711
0.0020134449005126953
0.0012867450714111328
0.002006053924560547
0.001791238784790039
0.0012903213500976562
0.0020079612731933594
0.0018434524536132812
0.0015225410461425781
0.00200653076171875
0.001272439956665039
0.0016007423400878906
0.0012166500091552734
0.0015139579772949219
0.0020062923431396484
0.003590822219848633
0.002038240432739258
0.0020074844360351562
0.001989603042602539
0.002209186553955078
0.0015134811401367188
0.0022780895233154297
0.001680135726928711
0.00203704833984375
0.0020399093627929688
0.002012014389038086
0.002007007598876953
0.001306295394897461
0.012464761734008789
0.003444194793701172
0.002006053924560547
0.0015137195587158203
0.0034003257751464844
0.001283407211303711
0.0015726089477539062
0.00189971923828125
0.001516103744506836
0.0015163421630859375
0.0015687942504882812
0.0020079612731933594
0.002183675765991211
0.0018939971923828125
0.0019207000732421875
0.001432657241821289
0.0020074844360351562
0.001425027847290039
0.0012350082397460938
0.002303600311279297
0.001516103744506836
0.0016684532165527344
0.002007722854614258
0.002215862274169922
0.002157926559448242
0.0024182796478271484
0.00200653076171875
0.0020101070404052734
0.0010073184967041016
0.0021610260009765625
0.002148151397705078
0.0011909008026123047
0.0009744167327880859
0.0016589164733886719
0.0025777816772460938
0.002007722854614258
0.002362489700317383
0.002007007598876953
0.0015208721160888672
0.0012660026550292969
0.0016810894012451172
0.0020542144775390625
0.0018696784973144531
0.0020074844360351562
0.0020072460174560547
0.001007080078125
0.0013821125030517578
0.0019214153289794922
0.001678466796875
0.0015163421630859375
0.0020143985748291016
0.0020079612731933594
0.0007154941558837891
0.0020325183868408203
0.0022678375244140625
0.00208282470703125
0.0015146732330322266
0.0020012855529785156
0.0019412040710449219
0.0022733211517333984
0.002336263656616211
0.0019011497497558594
0.0020084381103515625
0.0010077953338623047
0.002258777618408203
0.0016450881958007812
0.002005338668823242
0.0020422935485839844
0.0010082721710205078
0.0010075569152832031
0.002007722854614258
0.002192974090576172
0.00209808349609375
0.0020449161529541016
0.0015149116516113281
0.002007007598876953
0.00011491775512695312
0.0021462440490722656
0.00214385986328125
0.0020062923431396484
0.002007007598876953
0.002008199691772461
0.0010085105895996094
0.0017812252044677734
0.0014662742614746094
0.001516103744506836
0.0010080337524414062
0.0020380020141601562
0.0003247261047363281
0.0017805099487304688
0.0011777877807617188
0.0015037059783935547
0.0020079612731933594
0.0024056434631347656
0.01687002182006836
0.0031011104583740234
0.0010037422180175781
0.0010089874267578125
0.0012238025665283203
0.001516103744506836
0.0022215843200683594
0.001917123794555664
0.0029964447021484375
0.0015974044799804688
0.0021865367889404297
0.0010097026824951172
0.002012968063354492
0.0019283294677734375
0.002009868621826172
0.0023560523986816406
0.0016756057739257812
0.002057313919067383
0.0010089874267578125
0.0015141963958740234
0.002005338668823242
0.0010077953338623047
0.002290487289428711
0.0021305084228515625
0.0018725395202636719
0.0020072460174560547
0.0015249252319335938
0.002009153366088867
0.0020079612731933594
0.002166271209716797
0.0012755393981933594
0.002015829086303711
0.0010089874267578125
0.0015289783477783203
0.001009225845336914
0.001550912857055664
0.002328157424926758
0.00234222412109375
0.002119302749633789
0.0010089874267578125
0.002129077911376953
0.001966714859008789
0.0019736289978027344
0.0011692047119140625
0.002514362335205078
0.0015156269073486328
0.0020418167114257812
0.0015134811401367188
0.001373291015625
0.0020551681518554688
0.001062154769897461
0.001528024673461914
0.002008199691772461
0.0020072460174560547
0.002592325210571289
0.001971006393432617
0.0013375282287597656
0.0020084381103515625
0.0021102428436279297
0.003322601318359375
0.0020089149475097656
0.0015347003936767578
0.0016393661499023438
0.0029990673065185547
0.0011265277862548828
0.002187013626098633
0.0010592937469482422
0.001008749008178711
0.002012491226196289
0.001384735107421875
0.0017082691192626953
0.001722574234008789
0.0013055801391601562
0.0020058155059814453
0.0013976097106933594
0.0014722347259521484
0.0015592575073242188
0.0021140575408935547
0.0020067691802978516
0.0011107921600341797
0.0013773441314697266
0.0022537708282470703
0.001977682113647461
0.001993417739868164
0.0020089149475097656
0.0
0.0015227794647216797
0.0035915374755859375
0.009364843368530273
0.0055239200592041016
0.0020079612731933594
0.002007007598876953
0.0015270709991455078
0.0017480850219726562
0.0016431808471679688
0.0017418861389160156
0.0020089149475097656
0.0015139579772949219
0.002008676528930664
0.001859426498413086
0.001962900161743164
0.0015289783477783203
0.0024111270904541016
0.0012803077697753906
0.0020799636840820312
0.002007722854614258
0.0020058155059814453
0.0010724067687988281
0.0022253990173339844
0.0020067691802978516
0.0013453960418701172
0.001007080078125
0.002007722854614258
0.0010097026824951172
0.0016994476318359375
0.0022504329681396484
0.0016367435455322266
0.00200653076171875
0.0020062923431396484
0.0020074844360351562
0.001177072525024414
0.0010061264038085938
0.002006053924560547
0.001009225845336914
0.0010077953338623047
0.001338958740234375
0.001962900161743164
0.0015146732330322266
0.00270843505859375
0.0024492740631103516
0.0020079612731933594
0.0015153884887695312
0.0015726089477539062
0.0016658306121826172
0.0008459091186523438
0.0020079612731933594
0.0020093917846679688
0.0023107528686523438
0.0016143321990966797
0.002008676528930664
0.0011949539184570312
0.001008749008178711
0.0015156269073486328
0.0
0.0019137859344482422
0.0011668205261230469
0.0020134449005126953
0.0020072460174560547
0.001009225845336914
0.0015406608581542969
0.0019381046295166016
0.001500844955444336
0.0020079612731933594
0.0015130043029785156
0.002008199691772461
0.0011408329010009766
0.0023615360260009766
0.002185344696044922
0.001007080078125
0.002008199691772461
0.0010075569152832031
0.002082347869873047
0.002485990524291992
0.001220703125
0.001522064208984375
0.0020074844360351562
0.002007722854614258
0.0010333061218261719
0.0023229122161865234
0.0008592605590820312
0.002508401870727539
0.0020215511322021484
0.001516103744506836
0.0020074844360351562
0.0013873577117919922
0.002016782760620117
0.0015590190887451172
0.014771699905395508
0.006850004196166992
0.0016853809356689453
0.0020589828491210938
0.001514434814453125
0.0012569427490234375
0.0025148391723632812
0.0020062923431396484
0.0016241073608398438
0.0013837814331054688
0.0018172264099121094
0.0020079612731933594
0.0015170574188232422
0.0010368824005126953
0.002010822296142578
0.0020728111267089844
0.0020689964294433594
0.002022266387939453
0.0012593269348144531
0.002008676528930664
0.0018467903137207031
0.0015113353729248047
0.0031998157501220703
0.0015184879302978516
0.0020444393157958984
0.0012447834014892578
0.002008676528930664
0.0012679100036621094
0.001007080078125
0.002009153366088867
0.0015804767608642578
0.0015239715576171875
0.0012431144714355469
0.0018088817596435547
0.0018544197082519531
0.002012014389038086
0.002007722854614258
0.0010066032409667969
0.0014345645904541016
0.003300905227661133
0.001806497573852539
0.0018489360809326172
0.0015120506286621094
0.002008676528930664
0.0010077953338623047
0.002185821533203125
0.0009202957153320312
0.001726388931274414
0.00226593017578125
0.002008199691772461
0.001514434814453125
0.0020072460174560547
0.0020084381103515625
0.0024352073669433594
0.002178668975830078
0.0022783279418945312
0.002360105514526367
0.002008676528930664
0.0015156269073486328
0.002008676528930664
0.0020296573638916016
0.0011866092681884766
0.002008199691772461
0.0039556026458740234
0.002007722854614258
0.0025835037231445312
0.002233266830444336
0.001008749008178711
0.0020143985748291016
0.0020074844360351562
0.001989603042602539
0.0017342567443847656
0.0017504692077636719
0.001298666000366211
0.0015146732330322266
0.0022885799407958984
0.0015287399291992188
0.0019791126251220703
0.0022590160369873047
0.0010085105895996094
0.0013880729675292969
0.0020058155059814453
0.0015156269073486328
0.010343790054321289
0.0
0.0015273094177246094
0.0023429393768310547
0.0010085105895996094
0.0015742778778076172
0.002160787582397461
0.0022466182708740234
0.0015146732330322266
0.0015146732330322266
0.0022411346435546875
0.002008199691772461
0.0016896724700927734
0.0019228458404541016
0.0022733211517333984
0.0020067691802978516
0.0015289783477783203
0.0020079612731933594
0.0014982223510742188
0.0017001628875732422
0.001008749008178711
0.0015130043029785156
0.0010077953338623047
0.0010094642639160156
0.0020313262939453125
0.002341032028198242
0.002027750015258789
0.002026081085205078
0.002009153366088867
0.0020127296447753906
0.0010099411010742188
0.0014865398406982422
0.0015316009521484375
0.0010342597961425781
0.0015158653259277344
0.0011963844299316406
0.0034072399139404297
0.0015757083892822266
0.002008676528930664
0.0019960403442382812
0.001009225845336914
0.0010080337524414062
0.0018181800842285156
0.001451730728149414
0.001138925552368164
0.002069234848022461
0.0015158653259277344
0.0015118122100830078
0.0015153884887695312
0.0017290115356445312
0.0023996829986572266
0.0018351078033447266
0.0019905567169189453
0.0020089149475097656
0.0014057159423828125
0.0015156269073486328
0.001180410385131836
0.0012009143829345703
0.002199888229370117
0.0015215873718261719
0.0012664794921875
0.002008199691772461
0.0011591911315917969
0.0033197402954101562
0.0017385482788085938
0.0020067691802978516
0.002013683319091797
0.0019066333770751953
0.0010097026824951172
0.0015175342559814453
0.002134561538696289
0.0013248920440673828
0.002135753631591797
0.0010077953338623047
0.0020084381103515625
0.002007007598876953
0.001514434814453125
0.001497507095336914
0.0022284984588623047
0.0015156269073486328
0.0020074844360351562
0.002008676528930664
0.002008199691772461
0.0018584728240966797
0.001959562301635742
0.002008676528930664
0.002152681350708008
0.0015251636505126953
0.002151012420654297
0.001795053482055664
0.0012028217315673828
0.002008676528930664
0.0015120506286621094
0.002009153366088867
0.0020341873168945312
0.0013115406036376953
0.0013043880462646484
0.002199411392211914
0.0015146732330322266
0.0015139579772949219
0.0020067691802978516
0.0019588470458984375
0.0049991607666015625
0.00421905517578125
0.0031430721282958984
0.0020148754119873047
0.00200653076171875
0.002008199691772461
0.002513408660888672
0.003015756607055664
0.0020058155059814453
0.0010082721710205078
0.002078533172607422
0.0015103816986083984
0.0020220279693603516
0.0015172958374023438
0.0015137195587158203
0.002010345458984375
0.0013577938079833984
0.0016832351684570312
0.002282381057739258
0.001009225845336914
0.0010058879852294922
0.002007722854614258
0.0020079612731933594
0.0020422935485839844
0.002162933349609375
0.001512765884399414
0.0013401508331298828
0.002007722854614258
0.0015718936920166016
0.0016834735870361328
0.0021588802337646484
0.001516580581665039
0.0035858154296875
0.002008199691772461
0.0015151500701904297
0.002007007598876953
0.0020067691802978516
0.0017774105072021484
0.0013768672943115234
0.0013244152069091797
0.0021288394927978516
0.0015156269073486328
0.0011334419250488281
0.0
0.0020902156829833984
0.0016939640045166016
0.002225160598754883
0.0010063648223876953
0.0020067691802978516
0.0019948482513427734
0.0005052089691162109
0.0019245147705078125
0.0010063648223876953
0.001516580581665039
0.002007007598876953
0.0015134811401367188
0.0020072460174560547
0.0019142627716064453
0.0013308525085449219
0.0018334388732910156
0.0012655258178710938
0.0015139579772949219
0.0015153884887695312
0.002162456512451172
0.0018966197967529297
0.0020329952239990234
0.0015158653259277344
0.0011284351348876953
0.0020067691802978516
0.0020952224731445312
0.0015225410461425781
0.002070188522338867
0.0015110969543457031
0.0015177726745605469
0.0021865367889404297
0.0020072460174560547
0.0020072460174560547
0.002098560333251953
0.0021741390228271484
0.0017728805541992188
0.0015137195587158203
0.0020084381103515625
0.002081632614135742
0.002079486846923828
0.0014386177062988281
0.01071476936340332
0.0015170574188232422
0.0020406246185302734
0.0015146732330322266
0.002008676528930664
0.0021696090698242188
0.0015499591827392578
0.0020630359649658203
0.0010077953338623047
0.001514434814453125
0.002007722854614258
0.0013251304626464844
0.0015871524810791016
0.002000093460083008
0.001512289047241211
0.0015118122100830078
0.002007007598876953
0.002008676528930664
0.0011358261108398438
0.002007007598876953
0.002008199691772461
0.0020074844360351562
0.0015163421630859375
0.0020084381103515625
0.0028336048126220703
0.0019192695617675781
0.001651763916015625
0.0020074844360351562
0.0020084381103515625
0.0020067691802978516
0.002007722854614258
0.002048015594482422
0.0013654232025146484
0.0023534297943115234
0.002008676528930664
0.002008199691772461
0.001524209976196289
0.0013785362243652344
0.0019888877868652344
0.002034425735473633
0.001007080078125
0.002533435821533203
0.001550436019897461
0.0015232563018798828
0.002008676528930664
0.0013344287872314453
0.0011811256408691406
0.0015153884887695312
0.001659393310546875
0.002007722854614258
0.0019237995147705078
0.0013878345489501953
0.0015149116516113281
0.0010082721710205078
0.001512765884399414
0.002008676528930664
0.0013854503631591797
0.0015132427215576172
0.001009225845336914
0.0010077953338623047
0.0020074844360351562
0.0014834403991699219
0.0015225410461425781
0.0017571449279785156
0.0015134811401367188
0.0015153884887695312
0.0015156269073486328
0.0020024776458740234
0.0020322799682617188
0.0017104148864746094
0.002002239227294922
0.002009153366088867
0.0010082721710205078
0.002008676528930664
0.002051115036010742
0.0014622211456298828
0.0017402172088623047
0.0020084381103515625
0.0011179447174072266
0.0015158653259277344
0.0
0.0012302398681640625
0.0011534690856933594
0.002084493637084961
0.002008676528930664
0.0015130043029785156
0.0020074844360351562
0.0021970272064208984
0.0021440982818603516
0.0019989013671875
0.001621246337890625
0.0020093917846679688
0.002007722854614258
0.0014081001281738281
0.009584188461303711
0.005285978317260742
0.007480144500732422
0.0014908313751220703
0.002007007598876953
0.0010080337524414062
0.0023038387298583984
0.0020329952239990234
0.0010080337524414062
0.0019314289093017578
0.0019061565399169922
0.0010073184967041016
0.0015156269073486328
0.0010085105895996094
0.0011110305786132812
0.002187013626098633
0.002014636993408203
0.0020110607147216797
0.002008199691772461
0.0010085105895996094
0.0020318031311035156
0.0013306140899658203
0.0022389888763427734
0.0020987987518310547
0.002008199691772461
0.0010390281677246094
0.0015454292297363281
0.0020062923431396484
0.002007722854614258
0.0013549327850341797
0.0015163421630859375
0.0022170543670654297
0.0017936229705810547
0.0012767314910888672
0.00211334228515625
0.001514434814453125
0.0010650157928466797
0.0015158653259277344
0.0010085105895996094
0.0011906623840332031
0.0020456314086914062
0.0015168190002441406
0.0010576248168945312
0.0010068416595458984
0.0013346672058105469
0.0017473697662353516
0.0015594959259033203
0.001041412353515625
0.0010080337524414062
0.002004384994506836
0.0012526512145996094
0.0016925334930419922
0.001398324966430664
0.002101898193359375
0.001008749008178711
0.0020329952239990234
0.001811981201171875
0.0017457008361816406
0.0015139579772949219
0.0010066032409667969
0.0020072460174560547
0.0012624263763427734
0.0008041858673095703
0.0020062923431396484
0.0010082721710205078
0.0020067691802978516
0.0020072460174560547
0.0021407604217529297
0.0012950897216796875
0.0016634464263916016
0.0018815994262695312
0.001524209976196289
0.0020322799682617188
0.0013437271118164062
0.002047300338745117
0.002007722854614258
0.0010976791381835938
0.0020067691802978516
0.0015137195587158203
0.0015206336975097656
0.0019466876983642578
0.002070188522338867
0.002017974853515625
0.006446361541748047
0.0
0.007032871246337891
0.0
0.0014290809631347656
0.001888275146484375
0.0015151500701904297
0.0010101795196533203
0.0
0.001245737075805664
0.0018548965454101562
0.0010089874267578125
0.0012257099151611328
0.0032088756561279297
0.0019958019256591797
0.0
0.0017578601837158203
0.0017228126525878906
0.0010535717010498047
0.0010089874267578125
0.002008199691772461
0.0011298656463623047
0.001997232437133789
0.00168609619140625
0.002007007598876953
0.001008749008178711
0.001512289047241211
0.0018432140350341797
0.0019347667694091797
0.0016105175018310547
0.0010080337524414062
0.0014445781707763672
0.0010066032409667969
0.0014150142669677734
0.001581430435180664
0.0011508464813232422
0.0010080337524414062
0.001008749008178711
0.002006053924560547
0.0011267662048339844
0.002038240432739258
0.0010912418365478516
0.0010073184967041016
0.0010085105895996094
0.001401662826538086
0.0016891956329345703
0.0016782283782958984
0.002008199691772461
0.0010089874267578125
0.002016305923461914
0.0013747215270996094
0.001683950424194336
0.0017826557159423828
0.002007722854614258
0.00200653076171875
0.0010077953338623047
0.0009725093841552734
0.0020809173583984375
0.001514434814453125
0.001516103744506836
0.001007080078125
0.0013935565948486328
0.0013768672943115234
0.0021347999572753906
0.001844167709350586
0.0010085105895996094
0.0
0.003748655319213867
0.002008199691772461
0.002017498016357422
0.001672506332397461
0.015716552734375
0.0058209896087646484
0.009042501449584961
0.0025234222412109375
0.0020072460174560547
0.0020079612731933594
0.0038824081420898438
0.001516580581665039
0.0025260448455810547
0.0013473033905029297
0.0020072460174560547
0.0021016597747802734
0.0024874210357666016
0.0015845298767089844
0.002047300338745117
0.002014636993408203
0.0015141963958740234
0.0020072460174560547
0.0015382766723632812
0.0032367706298828125
0.0017430782318115234
0.0013551712036132812
0.0019505023956298828
0.001758575439453125
0.010782957077026367
0.0021653175354003906
0.0020105838775634766
0.0
0.0020084381103515625
0.00200653076171875
0.002162933349609375
0.0009522438049316406
0.0018644332885742188
0.0015113353729248047
0.001516580581665039
0.002007007598876953
0.0010814666748046875
0.0010061264038085938
0.0013375282287597656
0.0015132427215576172
0.0015156269073486328
0.0020074844360351562
0.0018987655639648438
0.0022077560424804688
0.002181529998779297
0.0024433135986328125
0.001085519790649414
0.0010082721710205078
0.0024154186248779297
0.0013866424560546875
0.0020368099212646484
0.0015201568603515625
0.0016410350799560547
0.0010094642639160156
0.0017774105072021484
0.002151966094970703
0.0015146732330322266
0.0015139579772949219
0.002008199691772461
0.0020074844360351562
0.0021507740020751953
0.0011484622955322266
0.001531362533569336
0.00201416015625
0.0010073184967041016
0.00036072731018066406
0.0019497871398925781
0.0015125274658203125
0.0010137557983398438
0.0015141963958740234
0.0015232563018798828
0.0012786388397216797
0.001978158950805664
0.0022819042205810547
0.0015125274658203125
0.0013294219970703125
0.0010075569152832031
0.0032448768615722656
0.0015416145324707031
0.0018815994262695312
0.0015175342559814453
0.0015799999237060547
0.002008199691772461
0.001008749008178711
0.002007007598876953
0.0022215843200683594
0.0020351409912109375
0.0005071163177490234
0.0020072460174560547
0.0020067691802978516
0.0020439624786376953
0.0016283988952636719
0.0017671585083007812
0.0021054744720458984
0.0015783309936523438
0.00200653076171875
0.0021593570709228516
0.001421213150024414
0.001706838607788086
0.0020089149475097656
0.0010082721710205078
0.0015141963958740234
0.001514434814453125
0.0019140243530273438
0.00173187255859375
0.0015139579772949219
0.0015156269073486328
0.0018084049224853516
0.0012431144714355469
0.0010082721710205078
0.0016193389892578125
0.0015130043029785156
0.0020079612731933594
0.0292813777923584
0.0035228729248046875
0.0015413761138916016
0.0016608238220214844
0.0005056858062744141
0.0010063648223876953
0.0010941028594970703
0.0020296573638916016
0.001562356948852539
0.0014564990997314453
0.0015149116516113281
0.0020089149475097656
0.0015125274658203125
0.0020058155059814453
0.0018167495727539062
0.0010056495666503906
0.0012249946594238281
0.0014393329620361328
0.0020058155059814453
0.0009732246398925781
0.0008223056793212891
0.0019791126251220703
0.0010080337524414062
0.0015177726745605469
0.0010082721710205078
0.0019893646240234375
0.0015153884887695312
0.0015125274658203125
0.0020074844360351562
0.001291513442993164
0.0017244815826416016
0.0018010139465332031
0.0018649101257324219
0.0
0.002008676528930664
0.0012438297271728516
0.0017857551574707031
0.002006053924560547
0.0022118091583251953
0.0015232563018798828
0.0012879371643066406
0.002015829086303711
0.0020339488983154297
0.0020132064819335938
0.0020072460174560547
0.0020074844360351562
0.0018417835235595703
0.0019631385803222656
0.0036711692810058594
0.0017898082733154297
0.0015158653259277344
0.0015952587127685547
0.002007722854614258
0.0015218257904052734
0.0011086463928222656
0.0020911693572998047
0.0010089874267578125
0.001512765884399414
0.001916646957397461
0.0017161369323730469
0.0011219978332519531
0.0015158653259277344
0.001009225845336914
0.0010077953338623047
0.0017247200012207031
0.0011053085327148438
0.002178668975830078
0.002020120620727539
0.0017426013946533203
0.00200653076171875
0.002345561981201172
0.0015223026275634766
0.0020911693572998047
0.0019779205322265625
0.0010347366333007812
0.0010085105895996094
0.0012824535369873047
0.002006053924560547
0.0021402835845947266
0.0017037391662597656
0.0015151500701904297
0.0020074844360351562
0.001844167709350586
0.00140380859375
0.0019986629486083984
0.0010068416595458984
0.002007007598876953
0.0020127296447753906
0.0020971298217773438
0.0015707015991210938
0.0020482540130615234
0.0010089874267578125
0.002005338668823242
0.0020055770874023438
0.007383108139038086
0.0018696784973144531
0.0055217742919921875
0.0037779808044433594
0.0021905899047851562
0.001007080078125
0.001737356185913086
0.0011889934539794922
0.0014481544494628906
0.0016586780548095703
0.0017559528350830078
0.002111673355102539
0.0010063648223876953
0.0010073184967041016
0.0010061264038085938
0.0013859272003173828
0.0020210742950439453
0.0016469955444335938
0.0020067691802978516
0.0010416507720947266
0.0007939338684082031
0.001409292221069336
0.0021233558654785156
0.0010254383087158203
0.002017974853515625
0.002007007598876953
0.0013031959533691406
0.0015139579772949219
0.0010077953338623047
0.002037525177001953
0.0020084381103515625
0.00286865234375
0.0020072460174560547
0.002181529998779297
0.002050638198852539
0.0018231868743896484
0.002007722854614258
0.0012042522430419922
0.0017120838165283203
0.0016705989837646484
0.0016074180603027344
0.0018658638000488281
0.001270294189453125
0.0020074844360351562
0.0020074844360351562
0.0018763542175292969
0.0015156269073486328
0.0018298625946044922
0.0010058879852294922
0.0015249252319335938
0.0014629364013671875
0.0015876293182373047
0.001703500747680664
0.0010089874267578125
0.0012230873107910156
0.0010063648223876953
0.001207113265991211
0.0018463134765625
0.0020067691802978516
0.002006053924560547
0.0015141963958740234
0.0020079612731933594
0.0013916492462158203
0.0009613037109375
0.001332998275756836
0.001987934112548828
0.0020067691802978516
0.0020067691802978516
0.0017704963684082031
0.0012123584747314453
0.0010256767272949219
0.0019407272338867188
0.002008199691772461
0.0020084381103515625
0.0013453960418701172
0.002187967300415039
0.0021970272064208984
0.0015125274658203125
0.0015120506286621094
0.001007080078125
0.0019488334655761719
0.001987934112548828
0.0016772747039794922
0.0020072460174560547
0.0020079612731933594
0.0014350414276123047
0.00168609619140625
0.0017476081848144531
0.0015156269073486328
0.0015163421630859375
0.0010085105895996094
0.0013644695281982422
0.002286195755004883
0.0020067691802978516
0.0017154216766357422
0.002008676528930664
0.017324209213256836
0.004472970962524414
0.001861572265625
0.002666950225830078
0.0015134811401367188
0.0010082721710205078
0.002008676528930664
0.002397775650024414
0.0003142356872558594
0.002180337905883789
0.002007722854614258
0.0020186901092529297
0.0020079612731933594
0.002007007598876953
0.0012886524200439453
0.0003616809844970703
0.002139568328857422
0.0010082721710205078
0.0015141963958740234
0.002016305923461914
0.001127004623413086
0.0015282630920410156
0.001512765884399414
0.0015151500701904297
0.0010068416595458984
0.0012557506561279297
0.0015420913696289062
0.0020139217376708984
0.0014793872833251953
0.002008199691772461
0.0015146732330322266
0.00200653076171875
0.0014569759368896484
0.002035379409790039
0.002015829086303711
0.0010089874267578125
0.001300811767578125
0.0019161701202392578
0.0013422966003417969
0.002031564712524414
0.0010080337524414062
0.0015163421630859375
0.0020089149475097656
0.0017113685607910156
0.0018088817596435547
0.0014162063598632812
0.00171661376953125
0.0020089149475097656
0.0011098384857177734
0.0018711090087890625
0.0016214847564697266
0.0019652843475341797
0.0018992424011230469
0.0020067691802978516
0.0010075569152832031
0.002286672592163086
0.010317802429199219
0.0020270347595214844
0.0010080337524414062
0.0015139579772949219
0.0015170574188232422
0.0
0.0025153160095214844
0.0017726421356201172
0.001527547836303711
0.0037970542907714844
0.0015156269073486328
0.0015146732330322266
0.0020062923431396484
0.0020678043365478516
0.0014736652374267578
0.0020532608032226562
0.0016508102416992188
0.001157522201538086
0.0018794536590576172
0.0020089149475097656
0.0014495849609375
0.0016736984252929688
0.002407073974609375
0.0020079612731933594
0.0010063648223876953
0.0010085105895996094
0.0017673969268798828
0.0023865699768066406
0.0023560523986816406
0.0018198490142822266
0.0015630722045898438
0.002009153366088867
0.001512765884399414
0.0016179084777832031
0.0
0.002007722854614258
0.02265477180480957
0.0
0.0010077953338623047
0.002012968063354492
0.0016834735870361328
0.0016360282897949219
0.0016281604766845703
0.001512765884399414
0.0010080337524414062
0.0020079612731933594
0.002183675765991211
0.0
0.0014681816101074219
0.0010077953338623047
0.002013683319091797
0.0013613700866699219
0.0014591217041015625
0.0019986629486083984
0.0019843578338623047
0.0010082721710205078
0.0021398067474365234
0.0015244483947753906
0.0020699501037597656
0.0017247200012207031
0.0022859573364257812
0.0020151138305664062
0.0014834403991699219
0.0012829303741455078
0.0011086463928222656
0.002008676528930664
0.0019001960754394531
0.0012867450714111328
0.0010082721710205078
0.002008676528930664
0.002392292022705078
0.0019116401672363281
0.0015153884887695312
0.002023935317993164
0.0012438297271728516
0.001008749008178711
0.002080678939819336
0.0015163421630859375
0.0017817020416259766
0.0016758441925048828
0.0020093917846679688
0.00200653076171875
0.0020360946655273438
0.002008676528930664
0.00191497802734375
0.0023386478424072266
0.0023365020751953125
0.001009225845336914
0.0010068416595458984
0.0010082721710205078
0.0012269020080566406
0.001270294189453125
0.0031206607818603516
0.0020165443420410156
0.002008199691772461
0.0015153884887695312
0.001894235610961914
0.0020074844360351562
0.0023546218872070312
0.002085447311401367
0.0010077953338623047
0.002008199691772461
0.0012340545654296875
0.0008680820465087891
0.0016942024230957031
0.0015130043029785156
0.0014715194702148438
0.0020380020141601562
0.0010073184967041016
0.0013682842254638672
0.0019080638885498047
0.002472400665283203
0.0020089149475097656
0.002007722854614258
0.002033710479736328
0.002166748046875
0.0011429786682128906
0.003055095672607422
0.0016510486602783203
0.0015151500701904297
0.0020084381103515625
0.0015239715576171875
0.0010361671447753906
0.0012328624725341797
0.002007007598876953
0.0015227794647216797
0.002037525177001953
0.0020079612731933594
0.004523515701293945
0.003513336181640625
0.0015187263488769531
0.003009796142578125
0.0020072460174560547
0.0015256404876708984
0.0020074844360351562
0.0020089149475097656
0.0019271373748779297
0.0020453929901123047
0.0011548995971679688
0.0018341541290283203
0.0018401145935058594
0.0020074844360351562
0.002283811569213867
0.0019519329071044922
0.0015146732330322266
0.001306295394897461
0.002007007598876953
0.0018856525421142578
0.0019271373748779297
0.0010089874267578125
0.0015411376953125
0.0015106201171875
0.001544952392578125
0.002007007598876953
0.0018181800842285156
0.0018112659454345703
0.0018019676208496094
0.0014581680297851562
0.002017974853515625
0.002007007598876953
0.0020084381103515625
0.0015702247619628906
0.002191305160522461
0.002203702926635742
0.0005071163177490234
0.0010082721710205078
0.0019257068634033203
0.0019812583923339844
0.0014410018920898438
0.0020775794982910156
0.0015139579772949219
0.002009153366088867
0.001514434814453125
0.0015721321105957031
0.0024023056030273438
0.0021381378173828125
0.001514434814453125
0.0020089149475097656
0.0020318031311035156
0.0014710426330566406
0.0017638206481933594
0.0010404586791992188
0.0020067691802978516
0.0010080337524414062
0.0021791458129882812
0.00033545494079589844
0.003926515579223633
0.0024025440216064453
0.0019271373748779297
0.002008199691772461
0.0019505023956298828
0.0020093917846679688
0.002007007598876953
0.0017933845520019531
0.0019080638885498047
0.0018701553344726562
0.002007007598876953
0.0015153884887695312
0.0019299983978271484
0.002004861831665039
0.0016508102416992188
0.0014011859893798828
0.0018818378448486328
0.0020864009857177734
0.0021834373474121094
0.0020079612731933594
0.002008199691772461
0.0017774105072021484
0.0019135475158691406
0.0016224384307861328
0.0010867118835449219
0.0015263557434082031
0.0014083385467529297
0.00217437744140625
0.0021991729736328125
0.0016183853149414062
0.0013086795806884766
0.002007722854614258
0.0015103816986083984
0.002009153366088867
0.0026595592498779297
0.0022039413452148438
0.0058515071868896484
0.003346681594848633
0.0025153160095214844
0.002215147018432617
0.002859830856323242
0.0008301734924316406
0.0020074844360351562
0.0014162063598632812
0.001215219497680664
0.0020058155059814453
0.002037525177001953
0.0017216205596923828
0.0023500919342041016
0.0010230541229248047
0.0018699169158935547
0.0020062923431396484
0.0018203258514404297
0.0020787715911865234
0.0023696422576904297
0.002089977264404297
0.002015352249145508
0.0015146732330322266
0.0020093917846679688
0.0015225410461425781
0.0013155937194824219
0.0022156238555908203
0.0022661685943603516
0.001514434814453125
0.002008199691772461
0.0020089149475097656
0.0020897388458251953
0.0016465187072753906
0.001991748809814453
0.0030753612518310547
0.0020143985748291016
0.0013644695281982422
0.0
0.0013270378112792969
0.003552675247192383
0.0018010139465332031
0.001978158950805664
0.0015041828155517578
0.0010082721710205078
0.0010085105895996094
0.002007722854614258
0.0020084381103515625
0.0011870861053466797
0.0005176067352294922
0.0015156269073486328
0.002515554428100586
0.0014979839324951172
0.0010085105895996094
0.002018451690673828
0.0008361339569091797
0.0020215511322021484
0.002008676528930664
0.0020079612731933594
0.0010077953338623047
0.0016124248504638672
0.001272439956665039
0.0022373199462890625
0.0016107559204101562
0.002008676528930664
0.0020074844360351562
0.0020089149475097656
0.001399993896484375
0.0015807151794433594
0.0020723342895507812
0.0015168190002441406
0.0012316703796386719
0.0020067691802978516
0.0
0.0018074512481689453
0.0016641616821289062
0.001373291015625
0.0020072460174560547
0.002010822296142578
0.0010097026824951172
0.0017368793487548828
0.0012965202331542969
0.0015125274658203125
0.0013580322265625
0.0020101070404052734
0.001767873764038086
0.004133939743041992
0.0010547637939453125
0.0017566680908203125
0.0020089149475097656
0.002007722854614258
0.002008199691772461
0.0020072460174560547
0.002132415771484375
0.0019655227661132812
0.0021209716796875
0.0016613006591796875
0.002008199691772461
0.0010075569152832031
0.0037851333618164062
0.0020074844360351562
0.0020072460174560547
0.0019965171813964844
0.0051097869873046875
0.0
0.0056836605072021484
0.00152587890625
0.003010988235473633
0.0020072460174560547
0.0020923614501953125
0.002032041549682617
0.0011849403381347656
0.0016369819641113281
0.002009153366088867
0.001953125
0.0020067691802978516
0.0023546218872070312
0.002251148223876953
0.002118349075317383
0.001149892807006836
0.002010345458984375
0.002007722854614258
0.0020155906677246094
0.0015156269073486328
0.0022597312927246094
0.001956939697265625
0.0013089179992675781
0.0020067691802978516
0.0020072460174560547
0.002007722854614258
0.002007007598876953
0.0007724761962890625
0.0017528533935546875
0.001630544662475586
0.001996755599975586
0.00200653076171875
0.0020322799682617188
0.0018863677978515625
0.001584768295288086
0.002198457717895508
0.0014829635620117188
0.002008199691772461
0.002008676528930664
0.0020449161529541016
0.001505136489868164
0.0014622211456298828
0.002007722854614258
0.001009225845336914
0.0020055770874023438
0.0020313262939453125
0.0018100738525390625
0.0013477802276611328
0.002344369888305664
0.0010082721710205078
0.0010063648223876953
0.0020067691802978516
0.0012905597686767578
0.0016944408416748047
0.001512765884399414
0.0015146732330322266
0.0010063648223876953
0.0020096302032470703
0.001968860626220703
0.0019936561584472656
0.002211332321166992
0.0018916130065917969
0.0020074844360351562
0.002009868621826172
0.0016162395477294922
0.001524209976196289
0.0010080337524414062
0.002008676528930664
0.0015163421630859375
0.0020058155059814453
0.0013632774353027344
0.0016140937805175781
0.0013492107391357422
0.001987457275390625
0.002001523971557617
0.0010120868682861328
0.0016732215881347656
0.0019609928131103516
0.0018436908721923828
0.0016939640045166016
0.0015139579772949219
0.0013623237609863281
0.002007722854614258
0.001489400863647461
0.0019237995147705078
0.0020067691802978516
0.0017402172088623047
0.0015211105346679688
0.0013184547424316406
0.0008375644683837891
0.0015149116516113281
0.00152587890625
0.017741918563842773
0.005681037902832031
0.002797365188598633
0.0008416175842285156
0.0020225048065185547
0.0018427371978759766
0.0015158653259277344
0.0020084381103515625
0.002007007598876953
0.0010082721710205078
0.0033283233642578125
0.0022840499877929688
0.00036215782165527344
0.0018193721771240234
0.0020074844360351562
0.002105712890625
0.0015177726745605469
0.0022907257080078125
0.0015554428100585938
0.0019502639770507812
0.002582073211669922
0.0022270679473876953
0.002009153366088867
0.0015101432800292969
0.0010061264038085938
0.0019159317016601562
0.0016217231750488281
0.0015213489532470703
0.0015156269073486328
0.001516580581665039
0.0011413097381591797
0.0017361640930175781
0.0018496513366699219
0.00180816650390625
0.0018506050109863281
0.0010066032409667969
0.002007722854614258
0.001974821090698242
0.0015070438385009766
0.0015151500701904297
0.00200653076171875
0.002008199691772461
0.0020072460174560547
0.0014164447784423828
0.002205371856689453
0.0023365020751953125
0.0015134811401367188
0.002007007598876953
0.002008676528930664
0.00151824951171875
0.0019011497497558594
0.0020437240600585938
0.0018227100372314453
0.0012829303741455078
0.0020074844360351562
0.001232147216796875
0.0015826225280761719
0.0
0.001272439956665039
0.001405954360961914
0.002008676528930664
0.0018548965454101562
0.0023603439331054688
0.002032041549682617
0.0015385150909423828
0.0015120506286621094
0.0020084381103515625
0.0010089874267578125
0.002184629440307617
0.00206756591796875
0.0020427703857421875
0.002008199691772461
0.0010075569152832031
0.0018880367279052734
0.0016446113586425781
0.0022497177124023438
0.002159595489501953
0.0023543834686279297
0.002007007598876953
0.0020089149475097656
0.0017452239990234375
0.0020439624786376953
0.0023374557495117188
0.0019490718841552734
0.0
0.001522064208984375
0.002151012420654297
0.00135040283203125
0.0015561580657958984
0.00366973876953125
0.0024280548095703125
0.017616748809814453
0.004019975662231445
0.0
0.0022420883178710938
0.0
0.0016617774963378906
0.0019648075103759766
0.0026140213012695312
0.001514434814453125
0.0012378692626953125
0.0015208721160888672
0.0020072460174560547
0.0012290477752685547
0.0010085105895996094
0.0020143985748291016
0.0020093917846679688
0.0020079612731933594
0.0015168190002441406
0.002104520797729492
0.0016200542449951172
0.002008676528930664
0.0020122528076171875
0.0010077953338623047
0.0020079612731933594
0.003465414047241211
0.0022954940795898438
0.001233816146850586
0.001756429672241211
0.0020074844360351562
0.002007722854614258
0.0020072460174560547
0.0010094642639160156
0.0014765262603759766
0.0014586448669433594
0.0020194053649902344
0.0010085105895996094
0.0020072460174560547
0.002008199691772461
0.0025224685668945312
0.001986980438232422
0.0015120506286621094
0.0022470951080322266
0.002007722854614258
0.0020079612731933594
0.0020296573638916016
0.0017499923706054688
0.001964569091796875
0.002007722854614258
0.0015172958374023438
0.0015172958374023438
0.0018858909606933594
0.002065896987915039
0.0015590190887451172
0.0020089149475097656
0.002126932144165039
0.002007007598876953
0.00200653076171875
0.002061128616333008
0.0015249252319335938
0.002007007598876953
0.0020220279693603516
0.0020084381103515625
0.002007722854614258
0.0009517669677734375
0.0030815601348876953
0.001667022705078125
0.0018944740295410156
0.0020067691802978516
0.0020089149475097656
0.0020074844360351562
0.0017359256744384766
0.0016524791717529297
0.002024412155151367
0.0020062923431396484
0.002008676528930664
0.0020096302032470703
0.0010075569152832031
0.0010721683502197266
0.0018270015716552734
0.0012292861938476562
0.0020089149475097656
0.002080202102661133
0.0010066032409667969
0.0021691322326660156
0.0020732879638671875
0.0022127628326416016
0.0020072460174560547
0.0010085105895996094
0.0015137195587158203
0.0011365413665771484
0.001990795135498047
0.0015151500701904297
0.002076387405395508
0.0010068416595458984
0.0020487308502197266
0.0014536380767822266
0.002035379409790039
0.0022780895233154297
0.007872819900512695
0.0
0.0022864341735839844
0.002007722854614258
0.0018024444580078125
0.0020227432250976562
0.0020089149475097656
0.0015118122100830078
0.0018641948699951172
0.0003819465637207031
0.0020058155059814453
0.0011730194091796875
0.0020093917846679688
0.002007722854614258
0.002007722854614258
0.0007669925689697266
0.0017139911651611328
0.0020074844360351562
0.0010085105895996094
0.0020127296447753906
0.0020074844360351562
0.001535654067993164
0.0015187263488769531
0.0020956993103027344
0.0020062923431396484
0.002262592315673828
0.0010068416595458984
0.0019223690032958984
0.0016582012176513672
0.002009153366088867
0.001522064208984375
0.0010075569152832031
0.0020186901092529297
0.0018699169158935547
0.0014438629150390625
0.002008199691772461
0.001009225845336914
0.0010085105895996094
0.002295255661010742
0.0017497539520263672
0.0021543502807617188
0.0037162303924560547
0.0014276504516601562
0.00200653076171875
0.0015146732330322266
0.0020067691802978516
0.0013527870178222656
0.001378774642944336
0.0022568702697753906
0.002099752426147461
0.0020225048065185547
0.0020062923431396484
0.0016760826110839844
0.002335071563720703
0.0007498264312744141
0.0020093917846679688
0.0015163421630859375
0.0020067691802978516
0.00200653076171875
0.0013341903686523438
0.0020067691802978516
0.0020225048065185547
0.0020096302032470703
0.002007007598876953
0.0018815994262695312
0.0018343925476074219
0.002519369125366211
0.00206756591796875
0.0015137195587158203
0.0010073184967041016
0.0030074119567871094
0.0015883445739746094
0.0016307830810546875
0.0021915435791015625
0.0010073184967041016
0.0010068416595458984
0.0010082721710205078
0.001779794692993164
0.0009710788726806641
0.001008749008178711
0.0020160675048828125
0.003371715545654297
0.0015158653259277344
0.001007080078125
0.0020096302032470703
0.0016744136810302734
0.0016269683837890625
0.0020139217376708984
0.002008676528930664
0.0021886825561523438
0.0017852783203125
0.0019948482513427734
0.0023207664489746094
0.0016605854034423828
0.002101898193359375
0.022739648818969727
0.002712249755859375
0.0015897750854492188
0.002008199691772461
0.001767873764038086
0.0020165443420410156
0.0022749900817871094
0.0010530948638916016
0.0015170574188232422
0.0014171600341796875
0.0018799304962158203
0.0018017292022705078
0.0021047592163085938
0.0020112991333007812
0.0015141963958740234
0.001514434814453125
0.0020072460174560547
0.0017976760864257812
0.0025386810302734375
0.002007722854614258
0.0020072460174560547
0.003007650375366211
0.0015292167663574219
0.0020084381103515625
0.0020079612731933594
0.002527475357055664
0.002415180206298828
0.002071857452392578
0.0015347003936767578
0.0022809505462646484
0.0012218952178955078
0.00201416015625
0.0010085105895996094
0.0015163421630859375
0.0022661685943603516
0.0014607906341552734
0.0020890235900878906
0.002007007598876953
0.002515077590942383
0.0020155906677246094
0.0010440349578857422
0.0012760162353515625
0.0010094642639160156
0.002008199691772461
0.002009868621826172
0.0020074844360351562
0.0019636154174804688
0.0019445419311523438
0.0016362667083740234
0.0015137195587158203
0.0015263557434082031
0.001485586166381836
0.002452850341796875
0.001878976821899414
0.0020134449005126953
0.0020399093627929688
0.0020084381103515625
0.0034210681915283203
0.0010082721710205078
0.0006897449493408203
0.0015146732330322266
0.0020079612731933594
0.002998828887939453
0.0020062923431396484
0.0020084381103515625
0.00200653076171875
0.0012514591217041016
0.0015158653259277344
0.002007722854614258
0.0014100074768066406
0.0020744800567626953
0.0017044544219970703
0.0016841888427734375
0.0017428398132324219
0.0021514892578125
0.0025146007537841797
0.0013501644134521484
0.001007080078125
0.0013620853424072266
0.0016009807586669922
0.0
0.0015132427215576172
0.0010066032409667969
0.0013530254364013672
0.0008399486541748047
0.0020067691802978516
0.0015232563018798828
0.002194643020629883
0.002006053924560547
0.0015070438385009766
0.018353939056396484
0.003767728805541992
0.0013954639434814453
0.0015141963958740234
0.001009225845336914
0.0023202896118164062
0.0022749900817871094
0.0015070438385009766
0.0017910003662109375
0.0020084381103515625
0.0020084381103515625
0.0007266998291015625
0.001775979995727539
0.002360105514526367
0.002007007598876953
0.0015156269073486328
0.002035856246948242
0.0014154911041259766
0.003029346466064453
0.0018188953399658203
0.0014789104461669922
0.0020079612731933594
0.002041339874267578
0.0012705326080322266
0.0017008781433105469
0.0022912025451660156
0.0015151500701904297
0.0020139217376708984
0.002008199691772461
0.001978158950805664
0.002003192901611328
0.0015625953674316406
0.00201416015625
0.0015225410461425781
0.0015137195587158203
0.0020084381103515625
0.0015895366668701172
0.0019903182983398438
0.0015134811401367188
0.001514434814453125
0.0015180110931396484
0.0016710758209228516
0.0021636486053466797
0.0019788742065429688
0.0015177726745605469
0.0020084381103515625
0.002007722854614258
0.002076387405395508
0.0021009445190429688
0.0010089874267578125
0.0020072460174560547
0.001009225845336914
0.0010082721710205078
0.0011758804321289062
0.0018038749694824219
0.002010345458984375
0.0015149116516113281
0.002008676528930664
0.00200653076171875
0.002006053924560547
0.0021314620971679688
0.002007722854614258
0.001516580581665039
0.003625154495239258
0.0020074844360351562
0.001516103744506836
0.0020074844360351562
0.0020003318786621094
0.0020325183868408203
0.0017414093017578125
0.002008199691772461
0.0020542144775390625
0.0015156269073486328
0.0016252994537353516
0.0013232231140136719
0.0014278888702392578
0.0021317005157470703
0.00183868408203125
0.0022416114807128906
0.0010075569152832031
0.0020074844360351562
0.0020072460174560547
0.0012738704681396484
0.002351045608520508
0.0014197826385498047
0.0015139579772949219
0.002008199691772461
0.0017740726470947266
0.0008351802825927734
0.0010085105895996094
0.001007080078125
0.0020067691802978516
0.004041433334350586
0.0020897388458251953
0.0022268295288085938
0.01713252067565918
0.0025451183319091797
0.0015146732330322266
0.0015158653259277344
0.0024673938751220703
0.001401662826538086
0.0020029544830322266
0.0013964176177978516
0.0020072460174560547
0.0015180110931396484
0.001255035400390625
0.001651763916015625
0.0019381046295166016
0.0015227794647216797
0.0011954307556152344
0.0020074844360351562
0.002008676528930664
0.001758575439453125
0.0019922256469726562
0.0011858940124511719
0.0015146732330322266
0.0020067691802978516
0.0010080337524414062
0.001007080078125
0.0015716552734375
0.0021164417266845703
0.0015614032745361328
0.001516580581665039
0.0020074844360351562
0.0013158321380615234
0.0020101070404052734
0.0015115737915039062
0.0020074844360351562
0.0020079612731933594
0.0010075569152832031
0.001352548599243164
0.0016858577728271484
0.0018870830535888672
0.0036668777465820312
0.0015151500701904297
0.00200653076171875
0.001516580581665039
0.002007007598876953
0.0021092891693115234
0.0021517276763916016
0.0022172927856445312
0.0020089149475097656
0.00200653076171875
0.003243684768676758
0.0019948482513427734
0.001294851303100586
0.0013535022735595703
0.001514434814453125
0.002003192901611328
0.0020089149475097656
0.0015168190002441406
0.002045869827270508
0.002063274383544922
0.0019576549530029297
0.0014185905456542969
0.0010089874267578125
0.0020089149475097656
0.0014395713806152344
0.0013365745544433594
0.0012717247009277344
0.0016846656799316406
0.0015184879302978516
0.0020084381103515625
0.0022356510162353516
0.0018990039825439453
0.0013432502746582031
0.002231597900390625
0.0020072460174560547
0.0033431053161621094
0.0012216567993164062
0.002008199691772461
0.001631021499633789
0.0013318061828613281
0.0014574527740478516
0.0020084381103515625
0.0015254020690917969
0.0021123886108398438
0.002047300338745117
0.001180887222290039
0.001752614974975586
0.002007007598876953
0.002007722854614258
0.0015132427215576172
0.0010080337524414062
0.002113819122314453
0.0012936592102050781
0.001903533935546875
0.0020105838775634766
0.0020089149475097656
0.0010089874267578125
0.0018565654754638672
0.004658699035644531
0.003019571304321289
0.005623579025268555
0.0015439987182617188
0.0015747547149658203
0.001764059066772461
0.002008676528930664
0.0010995864868164062
0.0010066032409667969
0.0019397735595703125
0.0017387866973876953
0.0022728443145751953
0.0019502639770507812
0.0014851093292236328
0.002007722854614258
0.0019001960754394531
0.0014095306396484375
0.0010085105895996094
0.0
0.0020067691802978516
0.0015354156494140625
0.0003063678741455078
0.002289295196533203
0.0015192031860351562
0.0020132064819335938
0.0020074844360351562
0.002007007598876953
0.0015223026275634766
0.0003757476806640625
0.001226663589477539
0.0020072460174560547
0.0020127296447753906
0.001007080078125
0.0011589527130126953
0.0014464855194091797
0.0016298294067382812
0.0010085105895996094
0.0010089874267578125
0.0013458728790283203
0.0017099380493164062
0.002008676528930664
0.0022346973419189453
0.002012968063354492
0.0020067691802978516
0.0022077560424804688
0.0010085105895996094
0.0013911724090576172
0.0021376609802246094
0.0015146732330322266
0.0020072460174560547
0.0015137195587158203
0.0020058155059814453
0.0018014907836914062
0.0029594898223876953
0.0007398128509521484
0.002118825912475586
0.0015196800231933594
0.0014443397521972656
0.0
0.0015804767608642578
0.0014412403106689453
0.0020079612731933594
0.0014598369598388672
0.0010066032409667969
0.0010080337524414062
0.0015459060668945312
0.0017440319061279297
0.0020151138305664062
0.002008676528930664
0.0020079612731933594
0.002354860305786133
0.002058267593383789
0.0020956993103027344
0.00202178955078125
0.0020225048065185547
0.0020089149475097656
0.0020079612731933594
0.001009225845336914
0.0015358924865722656
0.0020406246185302734
0.0014190673828125
0.002073049545288086
0.002008199691772461
0.0021758079528808594
0.0020580291748046875
0.0016891956329345703
0.0010080337524414062
0.0010073184967041016
0.001516580581665039
0.0017096996307373047
0.0018868446350097656
0.0011322498321533203
0.002098560333251953
0.0015158653259277344
0.0010089874267578125
0.002007722854614258
0.0017549991607666016
0.004466056823730469
0.003529071807861328
0.00201416015625
0.0020151138305664062
0.0020084381103515625
0.003931760787963867
0.002548694610595703
0.004007577896118164
0.002010345458984375
0.0020151138305664062
0.0014934539794921875
0.0015764236450195312
0.0021965503692626953
0.0010075569152832031
0.0020837783813476562
0.002008199691772461
0.0013248920440673828
0.0015399456024169922
0.0018200874328613281
0.0015139579772949219
0.0015156269073486328
0.0020062923431396484
0.0011458396911621094
0.0016748905181884766
0.0017795562744140625
0.0010061264038085938
0.002007722854614258
0.0015218257904052734
0.0014033317565917969
0.002190828323364258
0.002007722854614258
0.0020055770874023438
0.002008199691772461
0.0015149116516113281
0.0013344287872314453
0.0015304088592529297
0.0011830329895019531
0.001007080078125
0.0015366077423095703
0.0033490657806396484
0.0016913414001464844
0.0019719600677490234
0.0020599365234375
0.002008199691772461
0.0020093917846679688
0.0015177726745605469
0.001432180404663086
0.0022192001342773438
0.0010058879852294922
0.0020079612731933594
0.0010056495666503906
0.0020072460174560547
0.002054452896118164
0.0018661022186279297
0.0015254020690917969
0.0020089149475097656
0.0010089874267578125
0.0020079612731933594
0.001268148422241211
0.0017325878143310547
0.0020809173583984375
0.0022592544555664062
0.001516103744506836
0.002093791961669922
0.0010082721710205078
0.0014688968658447266
0.0010118484497070312
0.0014905929565429688
0.0020072460174560547
0.0010075569152832031
0.0032863616943359375
0.00176239013671875
0.0017137527465820312
0.002007722854614258
0.0015289783477783203
0.0021448135375976562
0.0010073184967041016
0.0017261505126953125
0.0023298263549804688
0.0014491081237792969
0.0021991729736328125
0.002007722854614258
0.0020055770874023438
0.0021181106567382812
0.0017461776733398438
0.0015254020690917969
0.0018894672393798828
0.0
0.0010085105895996094
0.001989603042602539
0.002195596694946289
0.0018427371978759766
0.0023212432861328125
0.0018992424011230469
0.0011782646179199219
0.005195140838623047
0.0020918846130371094
0.0
0.0020101070404052734
0.0010251998901367188
0.002007722854614258
0.0020084381103515625
0.0021514892578125
0.002087116241455078
0.00200653076171875
0.0023987293243408203
0.0012316703796386719
0.0019545555114746094
0.001516103744506836
0.0020062923431396484
0.0020148754119873047
0.0013518333435058594
0.001636505126953125
0.001604318618774414
0.0010075569152832031
0.0020837783813476562
0.00200653076171875
0.0017540454864501953
0.0003840923309326172
0.0021529197692871094
0.0015151500701904297
0.0015256404876708984
0.0020067691802978516
0.001371622085571289
0.0019402503967285156
0.0016405582427978516
0.001216888427734375
0.0015132427215576172
0.0015118122100830078
0.0021305084228515625
0.0017271041870117188
0.0027518272399902344
0.0016055107116699219
0.0020656585693359375
0.002007007598876953
0.0015277862548828125
0.0020084381103515625
0.0014142990112304688
0.003110170364379883
0.0015482902526855469
0.0011210441589355469
0.001009225845336914
0.002007722854614258
0.002008199691772461
0.0020525455474853516
0.0013270378112792969
0.002119779586791992
0.0011281967163085938
0.0010838508605957031
0.0016300678253173828
0.0024759769439697266
0.0019693374633789062
0.0016207695007324219
0.001077890396118164
0.00200653076171875
0.001623392105102539
0.0013606548309326172
0.002007722854614258
0.002204418182373047
0.0013799667358398438
0.0015206336975097656
0.002007007598876953
0.0013813972473144531
0.0015325546264648438
0.0013873577117919922
0.0011792182922363281
0.0019068717956542969
0.002138853073120117
0.002007007598876953
0.0010085105895996094
0.0013256072998046875
0.001848459243774414
0.0014925003051757812
0.0020074844360351562
0.001523733139038086
0.00200653076171875
0.0013191699981689453
0.0018157958984375
0.0020155906677246094
0.001514434814453125
0.0010077953338623047
0.003849029541015625
0.00982522964477539
0.0013267993927001953
0.0023512840270996094
0.0035228729248046875
0.0020096302032470703
0.0024394989013671875
0.0016570091247558594
0.0024030208587646484
0.001514434814453125
0.0020079612731933594
0.0015223026275634766
0.0
0.0017094612121582031
0.0018627643585205078
0.0011322498321533203
0.0010075569152832031
0.0010063648223876953
0.0011284351348876953
0.0019125938415527344
0.0020062923431396484
0.0016338825225830078
0.002124309539794922
0.002007007598876953
0.0020270347595214844
0.0017788410186767578
0.0015225410461425781
0.0010721683502197266
0.002007007598876953
0.0013377666473388672
0.0019958019256591797
0.002134561538696289
0.0021355152130126953
0.0015137195587158203
0.0020303726196289062
0.001230478286743164
0.0018067359924316406
0.0017786026000976562
0.001964092254638672
0.0020074844360351562
0.002007722854614258
0.0018498897552490234
0.0017402172088623047
0.0020093917846679688
0.0020072460174560547
0.002514362335205078
0.002007722854614258
0.0010075569152832031
0.0010793209075927734
0.0019130706787109375
0.0017681121826171875
0.001008749008178711
0.0020093917846679688
0.0013799667358398438
0.002147674560546875
0.0021054744720458984
0.002007007598876953
0.0020084381103515625
0.0010066032409667969
0.0020978450775146484
0.0009558200836181641
0.0022292137145996094
0.0021092891693115234
0.0016179084777832031
0.0020067691802978516
0.0010073184967041016
0.0015594959259033203
0.0010075569152832031
0.0020072460174560547
0.00202178955078125
0.0015151500701904297
0.0019381046295166016
0.0014867782592773438
0.0010080337524414062
0.0010085105895996094
0.0020072460174560547
0.002068042755126953
0.0015451908111572266
0.001828908920288086
0.001516580581665039
0.003008604049682617
0.0020067691802978516
0.0020072460174560547
0.0020062923431396484
0.0015811920166015625
0.002056598663330078
0.0018527507781982422
0.0013527870178222656
0.0015158653259277344
0.0021944046020507812
0.002008676528930664
0.002175569534301758
0.009908199310302734
0.0018434524536132812
0.0029392242431640625
0.0020084381103515625
0.0010082721710205078
0.002008676528930664
0.0020439624786376953
0.0019609928131103516
0.0015168190002441406
0.0015134811401367188
0.0022885799407958984
0.002008199691772461
0.0022547245025634766
0.001257181167602539
0.0014545917510986328
0.0022597312927246094
0.0020084381103515625
0.002008676528930664
0.001257181167602539
0.0018773078918457031
0.0013782978057861328
0.0020079612731933594
0.001977205276489258
0.002015829086303711
0.0020055770874023438
0.0013020038604736328
0.0016589164733886719
0.0023081302642822266
0.0016946792602539062
0.0015139579772949219
0.0015215873718261719
0.0020079612731933594
0.0020668506622314453
0.0005054473876953125
0.0020072460174560547
0.0010075569152832031
0.0013158321380615234
0.0022296905517578125
0.0019462108612060547
0.002008676528930664
0.002009153366088867
0.0015115737915039062
0.002218008041381836
0.0010941028594970703
0.0015277862548828125
0.0012004375457763672
0.002010822296142578
0.002008199691772461
0.001979827880859375
0.0007648468017578125
0.001965045928955078
0.0015120506286621094
0.0013027191162109375
0.00201416015625
0.0015578269958496094
0.0017518997192382812
0.0019137859344482422
0.0014710426330566406
0.0020074844360351562
0.0010075569152832031
0.0020294189453125
0.0013604164123535156
0.001514434814453125
0.0005514621734619141
0.0020074844360351562
0.0015125274658203125
0.0015187263488769531
0.0017185211181640625
0.0024881362915039062
0.0021209716796875
0.0033388137817382812
0.00200653076171875
0.0020074844360351562
0.0010066032409667969
0.002007722854614258
0.0
0.001874685287475586
0.0018630027770996094
0.0015137195587158203
0.0015113353729248047
0.0015151500701904297
0.002295970916748047
0.00200653076171875
0.001954317092895508
0.0020079612731933594
0.0020341873168945312
0.00200653076171875
0.002008676528930664
0.0015752315521240234
0.002258777618408203
0.0013332366943359375
0.001512765884399414
0.0058062076568603516
0.0043184757232666016
0.0041387081146240234
0.0020079612731933594
0.002008199691772461
0.001008749008178711
0.0018837451934814453
0.0008442401885986328
0.002263784408569336
0.0013339519500732422
0.002006053924560547
0.0020079612731933594
0.0011873245239257812
0.00215911865234375
0.0014667510986328125
0.0015149116516113281
0.0015244483947753906
0.0020186901092529297
0.0018787384033203125
0.0020089149475097656
0.0020084381103515625
0.0020411014556884766
0.001102447509765625
0.0021657943725585938
0.0015153884887695312
0.00200653076171875
0.004410505294799805
0.002369403839111328
0.0022420883178710938
0.0022165775299072266
0.0020079612731933594
0.001954793930053711
0.0012333393096923828
0.0015251636505126953
0.0013005733489990234
0.001636505126953125
0.0018906593322753906
0.0015156269073486328
0.0010080337524414062
0.0011527538299560547
0.0017659664154052734
0.0015132427215576172
0.0020864009857177734
0.0020074844360351562
0.0010097026824951172
0.002069234848022461
0.0013246536254882812
0.0021178722381591797
0.0016629695892333984
0.0020062923431396484
0.0020084381103515625
0.001007080078125
0.0022754669189453125
0.00250244140625
0.0020093917846679688
0.0015156269073486328
0.0010764598846435547
0.0022695064544677734
0.0021407604217529297
0.0009634494781494141
0.0021097660064697266
0.002008676528930664
0.002143383026123047
0.002008199691772461
0.002008676528930664
0.0014567375183105469
0.002210855484008789
0.002330303192138672
0.0020074844360351562
0.001009225845336914
0.001363992691040039
0.002064943313598633
0.0016858577728271484
0.0018849372863769531
0.0021712779998779297
0.002008199691772461
0.0010075569152832031
0.0020024776458740234
0.002032756805419922
0.0022292137145996094
0.0015149116516113281
0.0020079612731933594
0.0015840530395507812
0.001004934310913086
0.0011789798736572266
0.0018157958984375
0.0015156269073486328
0.002009153366088867
0.002005338668823242
0.0011374950408935547
0.0023682117462158203
0.0010919570922851562
0.002009153366088867
0.0010089874267578125
0.0020084381103515625
0.0020737648010253906
0.008490562438964844
0.011237382888793945
0.004109621047973633
0.0010166168212890625
0.0010530948638916016
0.0013434886932373047
0.0012485980987548828
0.0015141963958740234
0.0
0.002033710479736328
0.0018498897552490234
0.001748800277709961
0.0017864704132080078
0.0006549358367919922
0.002014636993408203
0.002007722854614258
0.0020072460174560547
0.0020723342895507812
0.001312255859375
0.0020720958709716797
0.001382589340209961
0.002008676528930664
0.0021431446075439453
0.0010066032409667969
0.0020513534545898438
0.0017330646514892578
0.0020058155059814453
0.002034425735473633
0.0015139579772949219
0.002009868621826172
0.0017554759979248047
0.0016524791717529297
0.0023124217987060547
0.0031974315643310547
0.002543926239013672
0.002258777618408203
0.0012469291687011719
0.002009153366088867
0.00200653076171875
0.002260923385620117
0.0022797584533691406
0.0021965503692626953
0.0021944046020507812
0.0015146732330322266
0.002022266387939453
0.002007007598876953
0.0015709400177001953
0.0015306472778320312
0.0017468929290771484
0.0015208721160888672
0.0010077953338623047
0.0033593177795410156
0.0011742115020751953
0.0020079612731933594
0.0020411014556884766
0.0019593238830566406
0.0016515254974365234
0.0011327266693115234
0.0015132427215576172
0.0020079612731933594
0.0010089874267578125
0.002071857452392578
0.0018951892852783203
0.0015137195587158203
0.00112152099609375
0.001514434814453125
0.0014791488647460938
0.0021026134490966797
0.0020360946655273438
0.0015110969543457031
0.002007722854614258
0.0020074844360351562
0.0013082027435302734
0.002001047134399414
0.002251148223876953
0.002007007598876953
0.0020868778228759766
0.0020105838775634766
0.0015254020690917969
0.0015735626220703125
0.0016155242919921875
0.0015153884887695312
0.0020079612731933594
0.0010085105895996094
0.0018188953399658203
0.002466917037963867
0.002173900604248047
0.001516103744506836
0.002023458480834961
0.0010061264038085938
0.0011136531829833984
0.004281759262084961
0.009788036346435547
0.0052564144134521484
0.0020093917846679688
0.0
0.0010085105895996094
0.002045154571533203
0.0022492408752441406
0.002124786376953125
0.0015156269073486328
0.0010111331939697266
0.0010380744934082031
0.001569509506225586
0.002020120620727539
0.001008749008178711
0.001009225845336914
0.002005338668823242
0.001428365707397461
0.0018908977508544922
0.0020208358764648438
0.0015177726745605469
0.0014328956604003906
0.0010089874267578125
0.002306699752807617
0.002228975296020508
0.0022683143615722656
0.0020079612731933594
0.0016906261444091797
0.0020084381103515625
0.0011663436889648438
0.0019783973693847656
0.0020122528076171875
0.0011301040649414062
0.0020084381103515625
0.0010068416595458984
0.0014710426330566406
0.0016264915466308594
0.001008749008178711
0.002009153366088867
0.001008749008178711
0.0013279914855957031
0.00032901763916015625
0.0017185211181640625
0.0020143985748291016
0.0
0.0015163421630859375
0.0013642311096191406
0.0019364356994628906
0.0014123916625976562
0.002264261245727539
0.0016252994537353516
0.0020079612731933594
0.0020084381103515625
0.002062082290649414
0.0010097026824951172
0.002017498016357422
0.0021524429321289062
0.002012968063354492
0.0010080337524414062
0.0020623207092285156
0.0017838478088378906
0.001155853271484375
0.0011529922485351562
0.0020096302032470703
0.0015132427215576172
0.002007722854614258
0.0020084381103515625
0.0011816024780273438
0.002139568328857422
0.002051830291748047
0.001516103744506836
0.0015168190002441406
0.0020003318786621094
0.0017104148864746094
0.001007080078125
0.0018682479858398438
0.0
0.0020074844360351562
0.0010077953338623047
0.0012803077697753906
0.0
0.002454519271850586
0.0017125606536865234
0.0014235973358154297
0.0010097026824951172
0.0014755725860595703
0.0020012855529785156
0.0021431446075439453
0.0015759468078613281
0.0020210742950439453
0.0020074844360351562
0.0020580291748046875
0.001617431640625
0.0021872520446777344
0.0019228458404541016
0.0020093917846679688
0.0020084381103515625
0.0010080337524414062
0.0009660720825195312
0.012317895889282227
0.0046231746673583984
0.0020084381103515625
0.0020780563354492188
0.0016694068908691406
0.0010080337524414062
0.01910543441772461
0.0070972442626953125
0.0073528289794921875
0.004357576370239258
0.0020093917846679688
0.0025260448455810547
0.0022673606872558594
0.0
0.00269317626953125
0.002009153366088867
0.0011377334594726562
0.002277851104736328
0.0018606185913085938
0.0015130043029785156
0.001313924789428711
0.0015218257904052734
0.0014684200286865234
0.0026619434356689453
0.0015861988067626953
0.001665353775024414
0.0014562606811523438
0.001344919204711914
0.0015363693237304688
0.0011610984802246094
0.0021469593048095703
0.002040863037109375
0.0020074844360351562
0.001514434814453125
0.00200653076171875
0.0018630027770996094
0.0018513202667236328
0.0012137889862060547
0.001394510269165039
0.0020067691802978516
0.0011932849884033203
0.002008199691772461
0.0019435882568359375
0.0018587112426757812
0.0015480518341064453
0.0017423629760742188
0.002068042755126953
0.002538919448852539
0.0020112991333007812
0.001953601837158203
0.0019271373748779297
0.00176239013671875
0.0015132427215576172
0.0015189647674560547
0.002103567123413086
0.0034325122833251953
0.001302480697631836
0.0013537406921386719
0.002131223678588867
0.002080678939819336
0.002007722854614258
0.002007007598876953
0.002008199691772461
0.0015285015106201172
0.002203226089477539
0.002009153366088867
0.0020089149475097656
0.0020494461059570312
0.0020074844360351562
0.0016231536865234375
0.0013213157653808594
0.001007080078125
0.00200653076171875
0.0020101070404052734
0.0014922618865966797
0.0015802383422851562
0.0035097599029541016
0.0015594959259033203
0.002007722854614258
0.0
0.0010390281677246094
0.001989126205444336
0.0013246536254882812
0.0014884471893310547
0.0013473033905029297
0.0016493797302246094
0.002008199691772461
0.0020084381103515625
0.001760721206665039
0.0018248558044433594
0.0
0.0025262832641601562
0.003085613250732422
0.0010075569152832031
0.0014824867248535156
0.002001047134399414
0.0016372203826904297
0.0015153884887695312
0.0015211105346679688
0.0013861656188964844
0.0019538402557373047
0.0014727115631103516
0.0020079612731933594
0.002009153366088867
0.001005411148071289
0.0015139579772949219
0.0014853477478027344
0.0
0.0010082721710205078
0.0011289119720458984
0.002008676528930664
0.0015385150909423828
0.002150297164916992
0.0010061264038085938
0.002007722854614258
0.0020668506622314453
0.0015153884887695312
0.0020096302032470703
0.0014388561248779297
0.0019850730895996094
0.0010020732879638672
0.0010058879852294922
0.0020079612731933594
0.0015439987182617188
0.00201416015625
0.0017979145050048828
0.0014183521270751953
0.0025136470794677734
0.0010097026824951172
0.0013093948364257812
0.0014481544494628906
0.0019903182983398438
