0.01335906982421875
0.0020084381103515625
0.0010116100311279297
0.0011026859283447266
0.001081705093383789
0.0010046958923339844
0.0015113353729248047
0.0017325878143310547
0.00160980224609375
0.0010066032409667969
0.0015430450439453125
0.0010075569152832031
0.0018706321716308594
0.0010056495666503906
0.0005152225494384766
0.001512289047241211
0.0019123554229736328
0.0010066032409667969
0.0015132427215576172
0.0011692047119140625
0.0
0.0005078315734863281
0.001012563705444336
0.002007722854614258
0.0019321441650390625
0.0011639595031738281
0.0015225410461425781
0.002012968063354492
0.0021424293518066406
0.0024156570434570312
0.0
0.0015554428100585938
0.0011873245239257812
0.0015106201171875
0.0020072460174560547
0.001424551010131836
0.0031032562255859375
0.002019643783569336
0.002007007598876953
0.0020062923431396484
0.002021312713623047
0.0020072460174560547
0.0015113353729248047
0.0009558200836181641
0.001508951187133789
0.001007080078125
0.002007007598876953
0.0015141963958740234
0.0010068416595458984
0.002147197723388672
0.002010345458984375
0.0015208721160888672
0.0010082721710205078
0.010040760040283203
0.0020062923431396484
0.0020074844360351562
0.002437114715576172
0.001516103744506836
0.0015134811401367188
0.0015156269073486328
0.002008676528930664
0.0021820068359375
0.00200653076171875
0.002007007598876953
0.0020074844360351562
0.0015137195587158203
0.001007080078125
0.0010066032409667969
0.0020079612731933594
0.002008199691772461
0.0020072460174560547
0.002008199691772461
0.0005056858062744141
0.0010068416595458984
0.0023207664489746094
0.0015196800231933594
0.001726388931274414
0.00200653076171875
0.0
0.0010080337524414062
0.0015311241149902344
0.003996372222900391
0.0014872550964355469
0.0010063648223876953
0.00153350830078125
0.0010080337524414062
0.0010554790496826172
0.0
0.001975536346435547
0.001005411148071289
0.0015172958374023438
0.0015103816986083984
0.0013916492462158203
0.0010066032409667969
0.0010068416595458984
0.0017092227935791016
0.0002391338348388672
0.0
0.0
0.0019352436065673828
0.0013434886932373047
0.0010068416595458984
0.0010068416595458984
0.001682281494140625
0.00092315673828125
0.0010063648223876953
0.0010063648223876953
0.00151824951171875
0.0009114742279052734
0.0
0.0011320114135742188
0.001222848892211914
0.0013916492462158203
0.002006053924560547
0.0017626285552978516
0.004544496536254883
0.0
0.001857757568359375
0.0
0.0014138221740722656
0.0015146732330322266
0.001959085464477539
0.0015294551849365234
0.0010068416595458984
0.0010075569152832031
0.0005156993865966797
0.0005967617034912109
0.0010061264038085938
0.0015075206756591797
0.0015218257904052734
0.0015010833740234375
0.0010080337524414062
0.0015132427215576172
0.0015168190002441406
0.002068042755126953
0.0012373924255371094
0.0010066032409667969
0.003000974655151367
0.0013642311096191406
0.0030083656311035156
0.0005154609680175781
0.0020089149475097656
0.0025124549865722656
0.001516103744506836
0.0015192031860351562
0.0014414787292480469
0.0015108585357666016
0.0010073184967041016
0.0013668537139892578
0.002028226852416992
0.0
0.0010066032409667969
0.0019986629486083984
0.0016644001007080078
0.0010082721710205078
0.0015130043029785156
0.0017559528350830078
0.0016629695892333984
0.0010077953338623047
0.0015120506286621094
0.0016832351684570312
0.0020067691802978516
0.0010073184967041016
0.0015184879302978516
0.0010068416595458984
0.0018849372863769531
0.001874685287475586
0.0010135173797607422
0.0
0.0018427371978759766
0.0022242069244384766
0.0015141963958740234
0.0015134811401367188
0.0018222332000732422
0.0010080337524414062
0.0013382434844970703
0.0015118122100830078
0.002527475357055664
0.0
0.0
0.0010075569152832031
0.0015130043029785156
0.0017638206481933594
0.0022957324981689453
0.0010085105895996094
0.0010068416595458984
0.0010068416595458984
0.0012707710266113281
0.0010073184967041016
0.0
0.0010080337524414062
0.00033926963806152344
0.0
0.0020062923431396484
0.0010073184967041016
0.0014462471008300781
0.0010089874267578125
0.0015218257904052734
0.0013163089752197266
0.0019183158874511719
0.0
0.0005116462707519531
0.001007080078125
0.0015134811401367188
0.0012729167938232422
0.0010154247283935547
0.0010066032409667969
0.0015044212341308594
0.0017743110656738281
0.0010099411010742188
0.001007080078125
0.0
0.0018992424011230469
0.0015592575073242188
0.0012807846069335938
0.0010061264038085938
0.0
0.0008325576782226562
0.0010056495666503906
0.002005338668823242
0.0010056495666503906
0.0
0.0010170936584472656
0.001512765884399414
0.0015139579772949219
0.0
0.0
0.0
0.0011012554168701172
0.0014302730560302734
0.0017540454864501953
0.001008749008178711
0.0012786388397216797
0.0010073184967041016
0.0010423660278320312
0.0
0.0010063648223876953
0.0010259151458740234
0.001013040542602539
0.0
0.0
0.002009153366088867
0.0010073184967041016
0.00034236907958984375
0.0
0.0015120506286621094
0.004172325134277344
0.0020084381103515625
0.0020058155059814453
0.001344919204711914
0.0
0.0
0.0010063648223876953
0.0018460750579833984
0.002357006072998047
0.0010042190551757812
0.0
0.0018000602722167969
0.0013206005096435547
0.001007080078125
0.0010077953338623047
0.0015132427215576172
0.001735687255859375
0.0010082721710205078
0.0015130043029785156
0.0010068416595458984
0.0
0.0011093616485595703
0.0010075569152832031
0.0010156631469726562
0.0017986297607421875
0.0014798641204833984
0.002005338668823242
0.001514434814453125
0.0012247562408447266
0.0
0.0
0.0010082721710205078
0.0
0.0004909038543701172
0.001010894775390625
0.0015101432800292969
0.0010075569152832031
0.001252889633178711
0.0010361671447753906
0.0015108585357666016
0.0010073184967041016
0.0018429756164550781
0.0003514289855957031
0.0
0.0
0.0014002323150634766
0.001646280288696289
0.0010077953338623047
0.001007080078125
0.0010077953338623047
0.0
0.0015132427215576172
0.0015196800231933594
0.0
0.0013649463653564453
0.0017826557159423828
0.0010263919830322266
0.0
0.001272439956665039
0.0012655258178710938
0.000514984130859375
0.0
0.0015118122100830078
0.0016627311706542969
0.0022439956665039062
0.005008697509765625
0.0015184879302978516
0.0010104179382324219
0.002089262008666992
0.00106048583984375
0.0020995140075683594
0.0010075569152832031
0.001847982406616211
0.0012774467468261719
0.0005125999450683594
0.0015146732330322266
0.0025005340576171875
0.0
0.0
0.0
0.0
0.00038361549377441406
0.0005121231079101562
0.0
0.0010075569152832031
0.0014591217041015625
0.0016431808471679688
0.0010075569152832031
0.0
0.0019216537475585938
0.0010421276092529297
0.001007080078125
0.0
0.0017189979553222656
0.0009980201721191406
0.0
0.0020596981048583984
0.0014050006866455078
0.0010516643524169922
0.0
0.0
0.0015091896057128906
0.0012671947479248047
0.001007080078125
0.0010077953338623047
0.0020062923431396484
0.0009152889251708984
0.0
0.0
0.0010075569152832031
0.0014486312866210938
0.0
0.0
0.0020062923431396484
0.0018894672393798828
0.0022242069244384766
0.0
0.0010859966278076172
0.0012209415435791016
0.002007007598876953
0.0015139579772949219
0.0
0.0021774768829345703
0.0
0.0027189254760742188
0.0
0.0021283626556396484
0.001512289047241211
0.001789093017578125
0.0010077953338623047
0.001007080078125
0.0010075569152832031
0.0015184879302978516
0.0012352466583251953
0.0010058879852294922
0.0014276504516601562
0.0015559196472167969
0.0010988712310791016
0.001005411148071289
0.0010063648223876953
0.0015108585357666016
0.0007309913635253906
0.0010073184967041016
0.0
0.001512765884399414
0.0
0.0010063648223876953
0.001207113265991211
0.0015156269073486328
0.0010073184967041016
0.0022428035736083984
0.0015130043029785156
0.0015175342559814453
0.001684427261352539
0.001007080078125
0.0015137195587158203
0.0015137195587158203
0.0017790794372558594
0.0010325908660888672
0.002006053924560547
0.0011746883392333984
0.001659393310546875
0.0011086463928222656
0.0010073184967041016
0.0005116462707519531
0.001909017562866211
0.0012118816375732422
0.0
0.0010075569152832031
0.0010058879852294922
0.0019724369049072266
0.0010104179382324219
0.0015141963958740234
0.001007080078125
0.001500844955444336
0.0010993480682373047
0.0015134811401367188
0.0013670921325683594
0.0017583370208740234
0.0018737316131591797
0.0015146732330322266
0.0014858245849609375
0.0010077953338623047
0.0
0.0015141963958740234
0.0015134811401367188
0.0
0.0018434524536132812
0.0010249614715576172
0.0
0.0
0.002233743667602539
0.0013682842254638672
0.0010056495666503906
0.0015153884887695312
0.002007007598876953
0.000885009765625
0.002222299575805664
0.0012035369873046875
0.0
0.0013861656188964844
0.0016036033630371094
0.0010061264038085938
0.0013687610626220703
0.001903533935546875
0.0
0.0020079612731933594
0.001005411148071289
0.002000570297241211
0.0012133121490478516
0.0
0.0010044574737548828
0.0013589859008789062
0.0020275115966796875
0.0010077953338623047
0.0011546611785888672
0.002089262008666992
0.0013146400451660156
0.0010056495666503906
0.001514434814453125
0.0
0.0006000995635986328
0.0010046958923339844
0.0015134811401367188
0.0010075569152832031
0.0017588138580322266
0.0010657310485839844
0.0010077953338623047
0.0010104179382324219
0.001514434814453125
0.0011992454528808594
0.0010080337524414062
0.0010073184967041016
0.0010061264038085938
0.0012309551239013672
0.0010063648223876953
0.0012018680572509766
0.0
0.001399993896484375
0.0
0.0
0.0014767646789550781
0.0018610954284667969
0.0009748935699462891
0.0
0.0
0.001291513442993164
0.0058133602142333984
0.0020084381103515625
0.001514434814453125
0.0010068416595458984
0.002079486846923828
0.002008199691772461
0.0010113716125488281
0.0011134147644042969
0.0012176036834716797
0.0010063648223876953
0.0010113716125488281
0.0010106563568115234
0.0016603469848632812
0.0010063648223876953
0.0015141963958740234
0.0010068416595458984
0.0017580986022949219
0.0017349720001220703
0.0015227794647216797
0.0010094642639160156
0.0
0.0015327930450439453
0.0010080337524414062
0.0010044574737548828
0.0010077953338623047
0.001348733901977539
0.0015141963958740234
0.0010075569152832031
0.0010061264038085938
0.0008540153503417969
0.001013040542602539
0.0020074844360351562
0.0015139579772949219
0.0012543201446533203
0.0010082721710205078
0.001129150390625
0.0013756752014160156
0.0017440319061279297
0.0020885467529296875
0.0
0.0
0.0012803077697753906
0.0010073184967041016
0.0010066032409667969
0.0015170574188232422
0.0
0.0
0.0
0.0010075569152832031
0.0006966590881347656
0.0010364055633544922
0.0017135143280029297
0.0012729167938232422
0.0
0.0007028579711914062
0.0
0.0010080337524414062
0.0010700225830078125
0.0021255016326904297
0.0020055770874023438
0.002007007598876953
0.004038095474243164
0.002178192138671875
0.0015146732330322266
0.0012521743774414062
0.0010082721710205078
0.0018138885498046875
0.0019063949584960938
0.0015387535095214844
0.0010046958923339844
0.001512289047241211
0.001512765884399414
0.0012786388397216797
0.0019350051879882812
0.0
0.0010058879852294922
0.0017838478088378906
0.0
0.0010075569152832031
0.0010077953338623047
0.0015130043029785156
0.0
0.0
0.001007080078125
0.0020139217376708984
0.0006797313690185547
0.0005066394805908203
0.0010066032409667969
0.0014379024505615234
0.0005102157592773438
0.00016355514526367188
0.0005142688751220703
0.0020074844360351562
0.0005118846893310547
0.0012302398681640625
0.002010822296142578
0.0010077953338623047
0.001512765884399414
0.001734018325805664
0.0019497871398925781
0.0015134811401367188
0.0015149116516113281
0.0015077590942382812
0.0
0.00200653076171875
0.0012481212615966797
0.001814126968383789
0.0020263195037841797
0.0
0.001474618911743164
0.0017600059509277344
0.0011587142944335938
0.0010068416595458984
0.001506805419921875
0.0
0.00034308433532714844
0.001007080078125
0.0010149478912353516
0.0010044574737548828
0.0019936561584472656
0.0010914802551269531
0.0015170574188232422
0.0010075569152832031
0.0017142295837402344
0.0011439323425292969
0.0010061264038085938
0.0010080337524414062
0.0021674633026123047
0.001079559326171875
0.0015177726745605469
0.001516103744506836
0.0050852298736572266
0.0021605491638183594
0.0022287368774414062
0.0010075569152832031
0.0010080337524414062
0.0015347003936767578
0.0016512870788574219
0.001005411148071289
0.0010945796966552734
0.0020470619201660156
0.0020322799682617188
0.0020062923431396484
0.0012423992156982422
0.0010073184967041016
0.0010068416595458984
0.0015130043029785156
0.0015132427215576172
0.0012252330780029297
0.0012826919555664062
0.0015151500701904297
0.0010073184967041016
0.0011608600616455078
0.0015993118286132812
0.0015177726745605469
0.0010066032409667969
0.0017764568328857422
0.00032782554626464844
0.0015130043029785156
0.0
0.0010063648223876953
0.0007143020629882812
0.0010077953338623047
0.0
0.0011200904846191406
0.0019278526306152344
0.0010344982147216797
0.0010075569152832031
0.0010082721710205078
0.0020406246185302734
0.0007493495941162109
0.0010068416595458984
0.0
0.00200653076171875
0.0013778209686279297
0.0010051727294921875
0.001514434814453125
0.0
0.0018329620361328125
0.0020360946655273438
0.0015158653259277344
0.0021615028381347656
0.0013594627380371094
0.0010077953338623047
0.001008749008178711
0.001008749008178711
0.0016145706176757812
0.0011239051818847656
0.0011568069458007812
0.0020093917846679688
0.002749919891357422
0.001092672348022461
0.0015156269073486328
0.0010173320770263672
0.0010075569152832031
0.0010073184967041016
0.0010046958923339844
0.0
0.0011243820190429688
0.0010085105895996094
0.0
0.0010066032409667969
0.001905679702758789
0.0010073184967041016
0.0011718273162841797
0.0
0.0010080337524414062
0.0010044574737548828
0.0010058879852294922
0.0015103816986083984
0.001176595687866211
0.002243518829345703
0.001316070556640625
0.0010068416595458984
0.0019309520721435547
0.0010075569152832031
0.0014541149139404297
0.001007080078125
0.0015120506286621094
0.0012409687042236328
0.0
0.0010068416595458984
0.0005128383636474609
0.000530242919921875
0.0
0.0010082721710205078
0.0010106563568115234
0.0008978843688964844
0.0010066032409667969
0.0013818740844726562
0.0015141963958740234
0.0
0.0005056858062744141
0.0010318756103515625
0.0013129711151123047
0.0009014606475830078
0.002125263214111328
0.0020072460174560547
0.0021424293518066406
0.0010378360748291016
0.0010077953338623047
0.0015158653259277344
0.0010073184967041016
0.001745462417602539
0.0010619163513183594
0.001007080078125
0.0015137195587158203
0.0020079612731933594
0.001234292984008789
0.0010068416595458984
0.0015151500701904297
0.0015151500701904297
0.0015816688537597656
0.0010058879852294922
0.0009911060333251953
0.0010068416595458984
0.0017273426055908203
0.0
0.0015141963958740234
0.0020072460174560547
0.0014379024505615234
0.0010080337524414062
0.0010063648223876953
0.0017783641815185547
0.001615285873413086
0.0015170574188232422
0.0010459423065185547
0.0021355152130126953
0.0010068416595458984
0.0010077953338623047
0.0010075569152832031
0.002063274383544922
0.0011827945709228516
0.0019478797912597656
0.0010073184967041016
0.0018661022186279297
0.0
0.0010139942169189453
0.0
0.0015118122100830078
0.001565694808959961
0.0015141963958740234
0.0015151500701904297
0.001255035400390625
0.0
0.0005130767822265625
0.0010063648223876953
0.0010073184967041016
0.0014545917510986328
0.001523733139038086
0.001008749008178711
0.0015137195587158203
0.0016965866088867188
0.0011813640594482422
0.0010073184967041016
0.0
0.0018198490142822266
0.0013728141784667969
0.0
0.0
0.0018367767333984375
0.0017540454864501953
0.0010075569152832031
0.0010068416595458984
0.0018737316131591797
0.001007080078125
0.0015156269073486328
0.0015099048614501953
0.0018053054809570312
0.0018618106842041016
0.0020904541015625
0.0
0.001623392105102539
0.002067089080810547
0.002010822296142578
0.0
0.0010828971862792969
0.0010139942169189453
0.0016102790832519531
0.001007080078125
0.0
0.0003719329833984375
0.0
0.0015146732330322266
0.0043239593505859375
0.0020079612731933594
0.0020074844360351562
0.0016605854034423828
0.0015099048614501953
0.0013124942779541016
0.0020072460174560547
0.001314401626586914
0.0011758804321289062
0.0010063648223876953
0.0011334419250488281
0.001859426498413086
0.0
0.0
0.0010075569152832031
0.0005042552947998047
0.0015146732330322266
0.002034425735473633
0.0010063648223876953
0.0019683837890625
0.0
0.0
0.0015125274658203125
0.0014145374298095703
0.0008523464202880859
0.0
0.002008676528930664
0.0010042190551757812
0.001678466796875
0.0011756420135498047
0.0010075569152832031
0.0020151138305664062
0.0012505054473876953
0.001218557357788086
0.0010089874267578125
0.0018019676208496094
0.0020966529846191406
0.0011096000671386719
0.0010075569152832031
0.001512289047241211
0.0
0.0020067691802978516
0.0010077953338623047
0.0015149116516113281
0.0010073184967041016
0.0016663074493408203
0.0020074844360351562
0.0016236305236816406
0.0
0.0017919540405273438
0.0
0.00180816650390625
0.0013303756713867188
0.0015151500701904297
0.0012760162353515625
0.002007007598876953
0.0010075569152832031
0.001649618148803711
0.0019860267639160156
0.001512765884399414
0.0027589797973632812
0.0012621879577636719
0.0022122859954833984
0.0
0.0011210441589355469
0.0013079643249511719
0.0015139579772949219
0.0019078254699707031
0.0
0.0
0.001516580581665039
0.0020525455474853516
0.0010638236999511719
0.0015141963958740234
0.0012922286987304688
0.001829385757446289
0.0013828277587890625
0.0010056495666503906
0.0010066032409667969
0.002007722854614258
0.0011124610900878906
0.0010075569152832031
0.0015130043029785156
0.0010075569152832031
0.0023849010467529297
0.0010056495666503906
0.003007173538208008
0.001257181167602539
0.0025124549865722656
0.0013885498046875
0.0015137195587158203
0.0012469291687011719
0.0015134811401367188
0.0010073184967041016
0.0018799304962158203
0.0
0.0015139579772949219
0.002006053924560547
0.0015196800231933594
0.0011670589447021484
0.001520395278930664
0.0013010501861572266
0.0012819766998291016
0.0015141963958740234
0.0010075569152832031
0.0
0.0005631446838378906
0.0
0.0010061264038085938
0.002008199691772461
0.0014488697052001953
0.0011827945709228516
0.0
0.004564523696899414
0.002008199691772461
0.002637624740600586
0.0035245418548583984
0.0029854774475097656
0.0020067691802978516
0.0010094642639160156
0.0020072460174560547
0.007745265960693359
0.0
0.0025184154510498047
0.0015120506286621094
0.0020415782928466797
0.0014636516571044922
0.002009868621826172
0.0013294219970703125
0.0020132064819335938
0.0020067691802978516
0.0017151832580566406
0.0
0.001514434814453125
0.0
0.0015728473663330078
0.001046895980834961
0.0010819435119628906
0.0016689300537109375
0.0
0.0
0.0010082721710205078
0.0020139217376708984
0.00020575523376464844
0.0010068416595458984
0.0032606124877929688
0.00051116943359375
0.0005083084106445312
0.001512765884399414
0.0010063648223876953
0.0008962154388427734
0.0012011528015136719
0.0010068416595458984
0.0014827251434326172
0.0017652511596679688
0.0012555122375488281
0.0010056495666503906
0.001512289047241211
0.0015139579772949219
0.0004913806915283203
0.001007080078125
0.0015113353729248047
0.001514434814453125
0.0017123222351074219
0.0
0.0
0.0015115737915039062
0.00115203857421875
0.002009153366088867
0.0
0.0019936561584472656
0.001440286636352539
0.001007080078125
0.0010080337524414062
0.0019459724426269531
0.0010514259338378906
0.0020270347595214844
0.0
0.0
0.0002713203430175781
0.0010068416595458984
0.0
0.0015118122100830078
0.0013353824615478516
0.0012080669403076172
0.0
0.0015130043029785156
0.0010013580322265625
0.0010080337524414062
0.0010085105895996094
0.00503993034362793
0.002010345458984375
0.002005338668823242
0.0010066032409667969
0.0005068778991699219
0.0011701583862304688
0.0012884140014648438
0.0012469291687011719
0.0010075569152832031
0.001445770263671875
0.0015025138854980469
0.004742622375488281
0.0020036697387695312
0.001007080078125
0.0010075569152832031
0.0
0.0006353855133056641
0.0
0.0022630691528320312
0.0015158653259277344
0.0007374286651611328
0.0010073184967041016
0.004055976867675781
0.0
0.001007080078125
0.0020084381103515625
0.0
0.002297639846801758
0.0010383129119873047
0.0020062923431396484
0.0010073184967041016
0.0
0.0016036033630371094
0.0020058155059814453
0.0
0.0021924972534179688
0.0011594295501708984
0.0010056495666503906
0.0011801719665527344
0.0017638206481933594
0.0012850761413574219
0.001005411148071289
0.001184701919555664
0.001519918441772461
0.001802682876586914
0.007269382476806641
0.0012111663818359375
0.0010068416595458984
0.0
0.0018627643585205078
0.00016498565673828125
0.0012476444244384766
0.0010058879852294922
0.0018541812896728516
0.001224517822265625
0.0010063648223876953
0.0046617984771728516
0.0015118122100830078
0.0010051727294921875
0.0073316097259521484
0.0012695789337158203
0.0010864734649658203
0.00200653076171875
0.0014328956604003906
0.0019254684448242188
0.0
0.0015120506286621094
0.0027005672454833984
0.001645803451538086
0.0015134811401367188
0.0015156269073486328
0.0020003318786621094
0.001529693603515625
0.0
0.0017385482788085938
0.0008897781372070312
0.0013928413391113281
0.0015146732330322266
0.0025224685668945312
0.0017185211181640625
0.0010066032409667969
0.0
0.0018870830535888672
0.0014879703521728516
0.0
0.0
0.0010080337524414062
0.0018992424011230469
0.0005049705505371094
0.0
0.0010068416595458984
0.0038862228393554688
0.001009225845336914
0.0010073184967041016
0.0010066032409667969
0.0003955364227294922
0.0
0.002005338668823242
0.0015110969543457031
0.00037741661071777344
0.0
0.001512289047241211
0.0020575523376464844
0.0
0.0
0.0010075569152832031
0.001138925552368164
0.0017476081848144531
0.0010080337524414062
0.002008199691772461
0.0014920234680175781
0.0015134811401367188
0.0010075569152832031
0.0010094642639160156
0.0016183853149414062
0.0010676383972167969
0.0
0.0010066032409667969
0.0015108585357666016
0.0008652210235595703
0.0010657310485839844
0.0010073184967041016
0.0
0.004139423370361328
0.0
0.0010066032409667969
0.0010542869567871094
0.001008749008178711
0.002516031265258789
0.0023813247680664062
0.0010061264038085938
0.0010073184967041016
0.0010066032409667969
0.0014574527740478516
0.0043811798095703125
0.0017559528350830078
0.0015091896057128906
0.0010089874267578125
0.0015118122100830078
0.0016074180603027344
0.0
0.0
0.001007080078125
0.0012433528900146484
0.00104522705078125
0.0010073184967041016
0.0011444091796875
0.0010073184967041016
0.002019166946411133
0.002223968505859375
0.0020074844360351562
0.0013828277587890625
0.001546621322631836
0.0010077953338623047
0.0010080337524414062
0.001138925552368164
0.0003762245178222656
0.0010068416595458984
0.0011324882507324219
0.0015354156494140625
0.0020203590393066406
0.001032114028930664
0.002007722854614258
0.010262489318847656
0.0
0.0011904239654541016
0.0005168914794921875
0.00919961929321289
0.0020084381103515625
0.0010073184967041016
0.0005080699920654297
0.0015149116516113281
0.0015482902526855469
0.0012099742889404297
0.0010046958923339844
0.0013477802276611328
0.0
0.0016574859619140625
0.0010082721710205078
0.0
0.0021753311157226562
0.002132415771484375
0.0005056858062744141
0.0010082721710205078
0.0018870830535888672
0.0003573894500732422
0.0
0.0005130767822265625
0.0010068416595458984
0.0017490386962890625
0.0010302066802978516
0.0
0.002006053924560547
0.0019621849060058594
0.0
0.0
0.0020313262939453125
0.001348257064819336
0.0
0.0005130767822265625
0.0015113353729248047
0.007814645767211914
0.002439260482788086
0.0019974708557128906
0.0015194416046142578
0.0018038749694824219
0.0015642642974853516
0.0010063648223876953
0.001520395278930664
0.0
0.0018072128295898438
0.0017139911651611328
0.0015156269073486328
0.001714468002319336
0.002215147018432617
0.0012478828430175781
0.001007080078125
0.0010061264038085938
0.0
0.0002124309539794922
0.0015106201171875
0.0020055770874023438
0.00200653076171875
0.0
0.001004934310913086
0.0012097358703613281
0.001007080078125
0.0013642311096191406
0.0015137195587158203
0.0005121231079101562
0.0010077953338623047
0.0017576217651367188
0.0007116794586181641
0.001007080078125
0.0020284652709960938
0.0018017292022705078
0.0017633438110351562
0.00200653076171875
0.0010068416595458984
0.002126932144165039
0.0016405582427978516
0.0020079612731933594
0.0010075569152832031
0.0010077953338623047
0.0018978118896484375
0.0010061264038085938
0.001514434814453125
0.0012848377227783203
0.0015110969543457031
0.0010068416595458984
0.0010075569152832031
0.0015184879302978516
0.0010075569152832031
0.0
0.0
0.0018455982208251953
0.0016238689422607422
0.002007007598876953
0.003218412399291992
0.0013170242309570312
0.001007080078125
0.0020444393157958984
0.0015120506286621094
0.001398324966430664
0.0010080337524414062
0.0
0.001512765884399414
0.0010097026824951172
0.0020058155059814453
0.0020110607147216797
0.002087116241455078
0.00456547737121582
0.0017654895782470703
0.0002281665802001953
0.0010094642639160156
0.0010061264038085938
0.0020036697387695312
0.001926422119140625
0.0010094642639160156
0.001512289047241211
0.002306222915649414
0.0017633438110351562
0.0015125274658203125
0.002009868621826172
0.001508474349975586
0.0021522045135498047
0.0010313987731933594
0.0021772384643554688
0.0010118484497070312
0.0020079612731933594
0.002904653549194336
0.001789093017578125
0.0010077953338623047
0.001512765884399414
0.001989126205444336
0.0013456344604492188
0.0020084381103515625
0.0
0.0022203922271728516
0.001522064208984375
0.0
0.0010099411010742188
0.0024466514587402344
0.0014102458953857422
0.001005411148071289
0.0021724700927734375
0.0015163421630859375
0.0010073184967041016
0.0010077953338623047
0.0020062923431396484
0.001664876937866211
0.002007722854614258
0.0020079612731933594
0.001718759536743164
0.0
0.0020062923431396484
0.0010066032409667969
0.0020143985748291016
0.0015141963958740234
0.0010454654693603516
0.0020067691802978516
0.0006268024444580078
0.0020165443420410156
0.0
0.0017886161804199219
0.0015304088592529297
0.0010073184967041016
0.0
0.002009153366088867
0.001239776611328125
0.0020074844360351562
0.017943382263183594
0.0005168914794921875
0.0020084381103515625
0.0023374557495117188
0.0022497177124023438
0.0020074844360351562
0.0019102096557617188
0.0024094581604003906
0.0012602806091308594
0.0
0.001005411148071289
0.0018804073333740234
0.002132892608642578
0.0
0.0015118122100830078
0.0023260116577148438
0.0
0.0015118122100830078
0.0015110969543457031
0.0016224384307861328
0.0020093917846679688
0.0
0.001007080078125
0.0012660026550292969
0.0020079612731933594
0.0020072460174560547
0.0024182796478271484
0.0010063648223876953
0.0020093917846679688
0.0013804435729980469
0.001519918441772461
0.0015153884887695312
0.001512765884399414
0.0014884471893310547
0.001247406005859375
0.0
0.001008749008178711
0.0018210411071777344
0.0015156269073486328
0.0015130043029785156
0.0010297298431396484
0.0
0.002015829086303711
0.0010089874267578125
0.0010035037994384766
0.0015249252319335938
0.0010077953338623047
0.0015106201171875
0.0010082721710205078
0.0013935565948486328
0.0
0.0
0.00200653076171875
0.0018155574798583984
0.0001659393310546875
0.0
0.0010077953338623047
0.0005080699920654297
0.0007112026214599609
0.0012235641479492188
0.0010085105895996094
0.0015125274658203125
0.0
0.00112152099609375
0.0010085105895996094
0.0020172595977783203
0.003513813018798828
0.0018973350524902344
0.0020110607147216797
0.0020055770874023438
0.0018923282623291016
0.001546621322631836
0.0
0.001512289047241211
0.001863718032836914
0.0003609657287597656
0.0
0.0
0.001203775405883789
0.002011537551879883
0.001007080078125
0.0010068416595458984
0.001007080078125
0.0020427703857421875
0.0005056858062744141
0.0
0.001007080078125
0.0011990070343017578
0.0
0.0010080337524414062
0.0010995864868164062
0.0005133152008056641
0.0012254714965820312
0.0010073184967041016
0.0
0.0018532276153564453
0.0
0.0010077953338623047
0.0010085105895996094
0.0017154216766357422
0.0015125274658203125
0.0010073184967041016
0.0012331008911132812
0.0
0.0005002021789550781
0.0010063648223876953
0.0015139579772949219
0.0015196800231933594
0.0015704631805419922
0.0011072158813476562
0.0010061264038085938
0.0005121231079101562
0.0013492107391357422
0.0011341571807861328
0.0010073184967041016
0.0005135536193847656
0.0018157958984375
0.001234292984008789
0.0010085105895996094
0.0015194416046142578
0.0
0.0014753341674804688
0.0
0.001522064208984375
0.0010075569152832031
0.0021746158599853516
0.0010066032409667969
0.0015149116516113281
0.001008749008178711
0.0017898082733154297
0.0011262893676757812
0.0015156269073486328
0.001005411148071289
0.0042896270751953125
0.00201416015625
0.0013630390167236328
0.001512289047241211
0.0015139579772949219
0.0010082721710205078
0.0011951923370361328
0.0010035037994384766
0.0015103816986083984
0.0010063648223876953
0.002041339874267578
0.0012502670288085938
0.0015130043029785156
0.0020906925201416016
0.0014123916625976562
0.0012073516845703125
0.0015139579772949219
0.0010061264038085938
0.0017864704132080078
0.0015125274658203125
0.0015163421630859375
0.0015158653259277344
0.0010685920715332031
0.0008339881896972656
0.001512765884399414
0.0010075569152832031
0.0
0.0015130043029785156
0.001298666000366211
0.001519918441772461
0.0011386871337890625
0.0015146732330322266
0.0012812614440917969
0.0010137557983398438
0.0
0.0
0.0019059181213378906
0.0021963119506835938
0.0010073184967041016
0.002008676528930664
0.0017976760864257812
0.0020580291748046875
0.0015137195587158203
0.0010061264038085938
0.0012426376342773438
0.0015735626220703125
0.0010058879852294922
0.0010080337524414062
0.0011420249938964844
0.001954793930053711
0.0012264251708984375
0.0010068416595458984
0.001007080078125
0.0
0.0007410049438476562
0.0005056858062744141
0.002008676528930664
0.0012035369873046875
0.000888824462890625
0.0
0.0
0.0015132427215576172
0.0015218257904052734
0.0003402233123779297
0.0010051727294921875
0.003517627716064453
0.0031452178955078125
0.002073526382446289
0.0020058155059814453
0.0014081001281738281
0.0020067691802978516
0.001009225845336914
0.0005083084106445312
0.0017626285552978516
0.0010046958923339844
0.001008749008178711
0.0015130043029785156
0.000507354736328125
0.00026988983154296875
0.0010066032409667969
0.001007080078125
0.0005128383636474609
0.0004477500915527344
0.0010056495666503906
0.0
0.0010080337524414062
0.0012812614440917969
0.0015187263488769531
0.0013384819030761719
0.0005114078521728516
0.0014030933380126953
0.001107931137084961
0.0010068416595458984
0.0005137920379638672
0.0017178058624267578
0.0012636184692382812
0.001007080078125
0.0010128021240234375
0.0010063648223876953
0.001436471939086914
0.0010080337524414062
0.001522064208984375
0.001007080078125
0.0010750293731689453
0.001009225845336914
0.0010156631469726562
0.0010044574737548828
0.0013620853424072266
0.0012290477752685547
0.000518798828125
0.002006053924560547
0.0010073184967041016
0.0032668113708496094
0.0010056495666503906
0.0018205642700195312
0.0010077953338623047
0.0015146732330322266
0.0013813972473144531
0.0019829273223876953
0.0011944770812988281
0.0015139579772949219
0.0020074844360351562
0.002197742462158203
0.0010056495666503906
0.0015232563018798828
0.0011768341064453125
0.0
0.0
0.0015196800231933594
0.0020074844360351562
0.001888275146484375
0.0012519359588623047
0.0010042190551757812
0.010387897491455078
0.001230001449584961
0.0014574527740478516
0.0015139579772949219
0.0019822120666503906
0.001005411148071289
0.0
0.002166748046875
0.0016787052154541016
0.0010335445404052734
0.001007080078125
0.0010135173797607422
0.0
0.0017178058624267578
0.0010085105895996094
0.0015151500701904297
0.0022733211517333984
0.002278566360473633
0.0019104480743408203
0.0010073184967041016
0.00046133995056152344
0.0010058879852294922
0.0005042552947998047
0.0020079612731933594
0.0005068778991699219
0.0010061264038085938
0.0015118122100830078
0.0020074844360351562
0.001514434814453125
0.0015673637390136719
0.0010080337524414062
0.0020165443420410156
0.0018603801727294922
0.0016019344329833984
0.0010066032409667969
0.001007080078125
0.0
0.0021169185638427734
0.0010077953338623047
0.0020062923431396484
0.0015120506286621094
0.0006554126739501953
0.0005066394805908203
0.0
0.0
0.0
0.001007080078125
0.0010046958923339844
0.0
0.0010077953338623047
0.0003795623779296875
0.0015234947204589844
0.0
0.0014901161193847656
0.0010833740234375
0.0015132427215576172
0.0010080337524414062
0.0015149116516113281
0.0020134449005126953
0.002040386199951172
0.001007080078125
0.0015134811401367188
0.004052400588989258
0.0
0.0015192031860351562
0.0020074844360351562
0.0013873577117919922
0.002348184585571289
0.001007080078125
0.0011031627655029297
0.0009129047393798828
0.0020384788513183594
0.001955747604370117
0.0015146732330322266
0.0018956661224365234
0.0010237693786621094
0.0015187263488769531
0.0014071464538574219
0.0
0.001065969467163086
0.001519918441772461
0.0012271404266357422
0.0014231204986572266
0.0021431446075439453
0.0015187263488769531
0.0010066032409667969
0.0010082721710205078
0.0
0.001032114028930664
0.0
0.0010073184967041016
0.001956939697265625
0.0003693103790283203
0.0010042190551757812
0.0
0.0010075569152832031
0.001931905746459961
0.0
0.0
0.001007080078125
0.0017628669738769531
0.0010094642639160156
0.0010073184967041016
0.0010061264038085938
0.0019505023956298828
0.0
0.0
0.0014729499816894531
0.0010073184967041016
0.0005142688751220703
0.0
0.0
0.001007080078125
0.0010077953338623047
0.0010251998901367188
0.001007080078125
0.0011391639709472656
0.0005125999450683594
0.0012989044189453125
0.001007080078125
0.0020067691802978516
0.0010139942169189453
0.0015783309936523438
0.0010058879852294922
0.00408935546875
0.0020084381103515625
0.0020341873168945312
0.0017154216766357422
0.0012557506561279297
0.001007080078125
0.0010061264038085938
0.001512765884399414
0.0008304119110107422
0.0005061626434326172
0.0015134811401367188
0.0
0.0019876956939697266
0.0010528564453125
0.0010068416595458984
0.001516580581665039
0.0017406940460205078
0.0010068416595458984
0.0010073184967041016
0.0
0.0010061264038085938
0.002141237258911133
0.0010058879852294922
0.002007722854614258
0.0020093917846679688
0.0012314319610595703
0.0
0.0015146732330322266
0.0005061626434326172
0.0002777576446533203
0.0010113716125488281
0.0015149116516113281
0.0
0.0003223419189453125
0.0010075569152832031
0.0015130043029785156
0.0010068416595458984
0.0021157264709472656
0.0010051727294921875
0.001007080078125
0.0019328594207763672
0.0003478527069091797
0.0010068416595458984
0.0020232200622558594
0.0010068416595458984
0.0009405612945556641
0.0010356903076171875
0.0015308856964111328
0.001007080078125
0.0021033287048339844
0.001056671142578125
0.0015141963958740234
0.0
0.0011363029479980469
0.0008697509765625
0.001550912857055664
0.0010716915130615234
0.0010075569152832031
0.0020155906677246094
0.0017282962799072266
0.0015172958374023438
0.0
0.0015172958374023438
0.0003604888916015625
0.001007080078125
0.0010073184967041016
0.001110076904296875
0.0008893013000488281
0.0035300254821777344
0.0020084381103515625
0.0018782615661621094
0.0010056495666503906
0.0020067691802978516
0.0018455982208251953
0.0018258094787597656
0.002007722854614258
0.0
0.0019636154174804688
0.0013098716735839844
0.001516580581665039
0.0011806488037109375
0.0
0.0005934238433837891
0.0020072460174560547
0.0
0.0011610984802246094
0.0006175041198730469
0.001004934310913086
0.0015137195587158203
0.0015139579772949219
0.0020987987518310547
0.002007722854614258
0.001516103744506836
0.0024039745330810547
0.0012912750244140625
0.0010063648223876953
0.0028111934661865234
0.0018680095672607422
0.0010063648223876953
0.0010068416595458984
0.0018851757049560547
0.0018684864044189453
0.0010044574737548828
0.0010075569152832031
0.0010051727294921875
0.0015833377838134766
0.0011219978332519531
0.0015120506286621094
0.0010077953338623047
0.002084016799926758
0.001007080078125
0.002007007598876953
0.0
0.0019445419311523438
0.0015473365783691406
0.0
0.0012652873992919922
0.001809835433959961
0.00037789344787597656
0.0
0.0014166831970214844
0.0010080337524414062
0.0
0.001010894775390625
0.0010066032409667969
0.0
0.0018215179443359375
0.0010077953338623047
0.0010077953338623047
0.0010061264038085938
0.0015141963958740234
0.0003120899200439453
0.0
0.0019435882568359375
0.002008199691772461
0.0020105838775634766
0.0012335777282714844
0.0012264251708984375
0.0010051727294921875
0.0013866424560546875
0.0015132427215576172
0.000110626220703125
0.0010066032409667969
0.0010077953338623047
0.0015153884887695312
0.00033092498779296875
0.0
0.0010077953338623047
0.0010118484497070312
0.0012392997741699219
0.0010056495666503906
0.0015156269073486328
0.0015091896057128906
0.001322031021118164
0.0020334720611572266
0.0015132427215576172
0.0010073184967041016
0.0
0.0011706352233886719
0.001008749008178711
0.0010139942169189453
0.0017924308776855469
0.0012242794036865234
0.002008199691772461
0.0020182132720947266
0.002235889434814453
0.0011601448059082031
0.0010213851928710938
0.0015215873718261719
0.0016820430755615234
0.001196146011352539
0.0010077953338623047
0.0005161762237548828
0.0019338130950927734
0.001729726791381836
0.001007080078125
0.0010149478912353516
0.0018231868743896484
0.00018978118896484375
0.0010068416595458984
0.001537322998046875
0.001007080078125
0.0022275447845458984
0.0010075569152832031
0.001512289047241211
0.0
0.0017139911651611328
0.0010063648223876953
0.0005118846893310547
0.0010085105895996094
0.0018553733825683594
0.0011336803436279297
0.0010077953338623047
0.0
0.0
0.001992940902709961
0.0015094280242919922
0.0015139579772949219
0.0
0.0017137527465820312
0.0017824172973632812
0.0015158653259277344
0.0
0.0019409656524658203
0.0035140514373779297
0.0020072460174560547
0.002006053924560547
0.00200653076171875
0.0015156269073486328
0.0
0.0
0.0010063648223876953
0.001046895980834961
0.0010077953338623047
0.00038242340087890625
0.001005411148071289
0.0010073184967041016
0.0010082721710205078
0.0014884471893310547
0.0017385482788085938
0.001007080078125
0.0010082721710205078
0.001003265380859375
0.0012018680572509766
0.0010097026824951172
0.0018756389617919922
0.0015153884887695312
0.0012874603271484375
0.0
0.0
0.0
0.0018360614776611328
0.0016069412231445312
0.0010063648223876953
0.0015151500701904297
0.0
0.0010073184967041016
0.0010056495666503906
0.0015194416046142578
0.001783132553100586
0.0
0.0014197826385498047
0.001007080078125
0.00115966796875
0.002028942108154297
0.001008749008178711
0.0011339187622070312
0.0
0.0018227100372314453
0.0010085105895996094
0.0015115737915039062
0.0010058879852294922
0.00174713134765625
0.0011627674102783203
0.0012812614440917969
0.0
0.0023851394653320312
0.0011801719665527344
0.0010058879852294922
0.0010955333709716797
0.002012014389038086
0.0
0.0020055770874023438
0.0015163421630859375
0.0017101764678955078
0.001241445541381836
0.0010077953338623047
0.0020143985748291016
0.0017058849334716797
0.0012183189392089844
0.002007007598876953
0.00200653076171875
0.0011293888092041016
0.002513885498046875
0.0010075569152832031
0.0015108585357666016
0.0020058155059814453
0.0010073184967041016
0.001565694808959961
0.0016384124755859375
0.0010066032409667969
0.0
0.0018546581268310547
0.00014400482177734375
0.0010066032409667969
0.0010080337524414062
0.0
0.0013782978057861328
0.0020067691802978516
0.0
0.0015134811401367188
0.0011081695556640625
0.0010089874267578125
0.0010082721710205078
0.0005097389221191406
0.0017442703247070312
0.0016293525695800781
0.0010063648223876953
0.0005154609680175781
0.0013644695281982422
0.002042531967163086
0.0015115737915039062
0.001007080078125
0.0005688667297363281
0.0020072460174560547
0.0015783309936523438
0.0015115737915039062
0.0019655227661132812
0.0015132427215576172
0.0015425682067871094
0.0013425350189208984
0.001607656478881836
0.0020067691802978516
0.001516580581665039
0.0020058155059814453
0.001861572265625
0.0
0.0015137195587158203
0.0010073184967041016
0.0017185211181640625
0.001224517822265625
0.0010066032409667969
0.0010056495666503906
0.0010077953338623047
0.0015463829040527344
0.0011954307556152344
0.0010089874267578125
0.0
0.0012085437774658203
0.0012784004211425781
0.0
0.001233816146850586
0.0013849735260009766
0.0011887550354003906
0.001009225845336914
0.0013158321380615234
0.001398324966430664
0.0012366771697998047
0.002007007598876953
0.0033195018768310547
0.0020155906677246094
0.002074718475341797
0.001964092254638672
0.0020904541015625
0.0018563270568847656
0.0
0.0
0.0015091896057128906
0.001512765884399414
0.0017423629760742188
0.0
0.0005133152008056641
0.0015175342559814453
0.0020401477813720703
0.0016214847564697266
0.0015206336975097656
0.0
0.001004934310913086
0.0010228157043457031
0.0016665458679199219
0.0010051727294921875
0.0017724037170410156
0.0003387928009033203
0.0015227794647216797
0.002007722854614258
0.0
0.0010945796966552734
0.0011966228485107422
0.0
0.0010073184967041016
0.002281665802001953
0.0015184879302978516
0.0010111331939697266
0.0
0.0017218589782714844
0.0017096996307373047
0.0010089874267578125
0.001008749008178711
0.0017414093017578125
0.0010433197021484375
0.0010075569152832031
0.0017800331115722656
0.0010080337524414062
0.0015158653259277344
0.0
0.0
0.0010077953338623047
0.0014455318450927734
0.0014481544494628906
0.0
0.0015141963958740234
0.0018644332885742188
0.0015137195587158203
0.0005154609680175781
0.001007080078125
0.002017498016357422
0.0019299983978271484
0.002005338668823242
0.0011920928955078125
0.0010082721710205078
0.0018551349639892578
0.0
0.0010075569152832031
0.0010042190551757812
0.0015478134155273438
0.0016391277313232422
0.001008749008178711
0.0
0.0017971992492675781
0.0012276172637939453
0.002006053924560547
0.0020155906677246094
0.0040090084075927734
0.0020072460174560547
0.0019392967224121094
0.0015192031860351562
0.0
0.0015184879302978516
0.0002994537353515625
0.0010082721710205078
0.0010077953338623047
0.0015187263488769531
0.0004832744598388672
0.00200653076171875
0.0015141963958740234
0.0015120506286621094
0.0005700588226318359
0.0
0.0014386177062988281
0.0010106563568115234
0.0018053054809570312
0.0032274723052978516
0.0010073184967041016
0.0
0.0015683174133300781
0.0010077953338623047
0.0
0.0015134811401367188
0.0013737678527832031
0.0010080337524414062
0.0
0.0015118122100830078
0.0018343925476074219
0.0010077953338623047
0.001276254653930664
0.0015232563018798828
0.0020110607147216797
0.0010061264038085938
0.0010073184967041016
0.002007007598876953
0.0010383129119873047
0.0011894702911376953
0.0010063648223876953
0.0015115737915039062
0.001950979232788086
0.0
0.0
0.001008749008178711
0.0010085105895996094
0.0015506744384765625
0.0
0.0015218257904052734
0.0015137195587158203
0.0016963481903076172
0.001005411148071289
0.0015132427215576172
0.0
0.002205371856689453
0.0010089874267578125
0.0020055770874023438
0.0018436908721923828
0.0015015602111816406
0.0010046958923339844
0.0010077953338623047
0.001218557357788086
0.0009808540344238281
0.002139568328857422
0.001007080078125
0.0010044574737548828
0.0013737678527832031
0.0011985301971435547
0.0
0.0023450851440429688
0.0010068416595458984
0.0020101070404052734
0.002008676528930664
0.0005097389221191406
0.0011413097381591797
0.0020062923431396484
0.0
0.0015947818756103516
0.0011153221130371094
0.0020143985748291016
0.0
0.0013890266418457031
0.0015289783477783203
0.0
0.0017414093017578125
0.001367807388305664
0.0017147064208984375
0.0
0.0010077953338623047
0.0018908977508544922
0.0011844635009765625
0.0010068416595458984
0.002008676528930664
0.0018889904022216797
0.0016071796417236328
0.0
0.001005411148071289
0.001005411148071289
0.0008478164672851562
0.0010423660278320312
0.0
0.0017132759094238281
0.0014634132385253906
0.0011644363403320312
0.0010836124420166016
0.0012366771697998047
0.0020475387573242188
0.0003006458282470703
0.0
0.0015132427215576172
0.0020782947540283203
0.001007080078125
0.0020084381103515625
0.0010080337524414062
0.0015141963958740234
0.0010075569152832031
0.0020046234130859375
0.0012722015380859375
0.0
0.00026988983154296875
0.0010077953338623047
0.0010075569152832031
0.002015829086303711
0.00200653076171875
0.001007080078125
0.0010516643524169922
0.0010085105895996094
0.0
0.0011615753173828125
0.001007080078125
0.0
0.0013096332550048828
0.0012404918670654297
0.0010073184967041016
0.0010640621185302734
0.001886129379272461
0.0011985301971435547
0.0020453929901123047
0.0037887096405029297
0.0010063648223876953
0.0
0.0017189979553222656
0.0008637905120849609
0.0005064010620117188
0.0010347366333007812
0.0010075569152832031
0.001981019973754883
0.0012140274047851562
0.0
0.0015134811401367188
0.0015978813171386719
0.002299070358276367
0.0010066032409667969
0.0010068416595458984
0.001007080078125
0.0011622905731201172
0.0010073184967041016
0.0015168190002441406
0.0018796920776367188
0.0
0.0
0.001512765884399414
0.0
0.00013494491577148438
0.002007722854614258
0.0012500286102294922
0.0017664432525634766
0.0012040138244628906
0.0010082721710205078
0.001512289047241211
0.0010066032409667969
0.0008764266967773438
0.0020275115966796875
0.0012540817260742188
0.0010764598846435547
0.0016205310821533203
0.0010805130004882812
0.0010063648223876953
0.0010080337524414062
0.0018546581268310547
0.001634836196899414
0.0015113353729248047
0.0020079612731933594
0.001983165740966797
0.001008749008178711
0.0010068416595458984
0.0
0.0017578601837158203
0.0012440681457519531
0.0015132427215576172
0.0010402202606201172
0.0015156269073486328
0.0020351409912109375
0.0015099048614501953
0.0011289119720458984
0.0
0.0010075569152832031
0.0017209053039550781
0.0010073184967041016
0.0011265277862548828
0.001997709274291992
0.0007715225219726562
0.0010061264038085938
0.0010042190551757812
0.0048007965087890625
0.0030083656311035156
0.0013611316680908203
0.0010066032409667969
0.0020079612731933594
0.0012197494506835938
0.0016818046569824219
0.001005411148071289
0.0020079612731933594
0.0020067691802978516
0.0019316673278808594
0.001522064208984375
0.0010099411010742188
0.0
0.0019037723541259766
0.002002716064453125
0.0
0.0
0.0017011165618896484
0.0016057491302490234
0.001007080078125
0.0015115737915039062
0.0016024112701416016
0.0015130043029785156
0.001039266586303711
0.001005411148071289
0.0019736289978027344
0.0015473365783691406
0.002084970474243164
0.0
0.001165151596069336
0.0017704963684082031
0.0010075569152832031
0.002008199691772461
0.0017232894897460938
0.00101470947265625
0.0
0.0010688304901123047
0.0014951229095458984
0.00087738037109375
0.0
0.0
0.0013227462768554688
0.0018315315246582031
0.0012483596801757812
0.0010056495666503906
0.001008749008178711
0.0011761188507080078
0.0015232563018798828
0.0020072460174560547
0.001516103744506836
0.0009815692901611328
0.0004715919494628906
0.0
0.0010075569152832031
0.0010080337524414062
0.0013363361358642578
0.0011069774627685547
0.0010063648223876953
0.0010073184967041016
0.00141143798828125
0.0013849735260009766
0.001007080078125
0.00200653076171875
0.013373374938964844
0.0021386146545410156
0.0
0.0030117034912109375
0.0010075569152832031
0.00037479400634765625
0.0015158653259277344
0.0
0.0010051727294921875
0.0015289783477783203
0.0016536712646484375
0.0015115737915039062
0.0
0.001650094985961914
0.0027801990509033203
0.0
0.0010058879852294922
0.0020134449005126953
0.0015175342559814453
0.0010097026824951172
0.0
0.0016398429870605469
0.0017390251159667969
0.0
0.001753091812133789
0.0013346672058105469
0.0017266273498535156
0.0
0.0015141963958740234
0.001725912094116211
0.001009225845336914
0.0020074844360351562
0.0010097026824951172
0.001516103744506836
0.001012563705444336
0.0
0.0
0.0019307136535644531
0.0010864734649658203
0.0
0.0010073184967041016
0.001004934310913086
0.0010144710540771484
0.0
0.0
0.0010223388671875
0.0010120868682861328
0.0
0.0
0.0045354366302490234
0.007515907287597656
0.0020072460174560547
0.0015234947204589844
0.0017096996307373047
0.0010066032409667969
0.0015151500701904297
0.0017294883728027344
0.0015137195587158203
0.0020084381103515625
0.0
0.0010280609130859375
0.002007007598876953
0.0015141963958740234
0.0
0.0011048316955566406
0.0005147457122802734
0.0
0.0015130043029785156
0.0018384456634521484
0.0015234947204589844
0.0
0.0023736953735351562
0.001207113265991211
0.002008676528930664
0.0020067691802978516
0.0014884471893310547
0.0015249252319335938
0.0
0.0010082721710205078
0.0015344619750976562
0.0010077953338623047
0.0
0.0015151500701904297
0.001554727554321289
0.0010058879852294922
0.0010066032409667969
0.0015120506286621094
0.0017442703247070312
0.0010330677032470703
0.0010085105895996094
0.0
0.0018351078033447266
0.0011777877807617188
0.0010075569152832031
0.0
0.0010075569152832031
0.0018718242645263672
0.0
0.0011775493621826172
0.0012328624725341797
0.001905202865600586
0.0
0.0
0.0010046958923339844
0.0
0.0002551078796386719
0.0010066032409667969
0.0010058879852294922
0.0015137195587158203
0.0010383129119873047
0.0010733604431152344
0.0015134811401367188
0.0
0.001842498779296875
0.0
0.001007080078125
0.0014963150024414062
0.002150297164916992
0.0012969970703125
0.0010056495666503906
0.0
0.0015232563018798828
0.000705718994140625
0.0020051002502441406
0.001007080078125
0.0015139579772949219
0.0017707347869873047
0.0010254383087158203
0.001008749008178711
0.0010139942169189453
0.0018856525421142578
0.0013127326965332031
0.0010077953338623047
0.0
0.0010082721710205078
0.0016665458679199219
0.0012302398681640625
0.0010077953338623047
0.00051116943359375
0.002878427505493164
0.0025177001953125
0.0019085407257080078
0.0018200874328613281
0.0010075569152832031
0.001013040542602539
0.0
0.0002875328063964844
0.0010068416595458984
0.002015352249145508
0.001007080078125
0.0012483596801757812
0.002046346664428711
0.0012345314025878906
0.0015168190002441406
0.0017116069793701172
0.0013244152069091797
0.001516580581665039
0.0014374256134033203
0.0017077922821044922
0.0
0.0
0.0010094642639160156
0.0010933876037597656
0.0012969970703125
0.0010066032409667969
0.001007080078125
0.001005411148071289
0.001402139663696289
0.0012536048889160156
0.001958131790161133
0.0
0.0
0.0016608238220214844
0.0010063648223876953
0.0
0.0018825531005859375
0.0014159679412841797
0.0010085105895996094
0.0010075569152832031
0.0
0.0005910396575927734
0.0010068416595458984
0.0015139579772949219
0.0
0.001878499984741211
0.0005166530609130859
0.0010073184967041016
0.0010066032409667969
0.00177001953125
0.0008792877197265625
0.0
0.0
0.0015139579772949219
0.0011930465698242188
0.0010075569152832031
0.0015125274658203125
0.0010085105895996094
0.0012392997741699219
0.0
0.0010077953338623047
0.0
0.0013561248779296875
0.0
0.0010061264038085938
0.0020270347595214844
0.0011591911315917969
0.0005290508270263672
0.004954814910888672
0.0005338191986083984
0.0020072460174560547
0.0015108585357666016
0.001203775405883789
0.0019571781158447266
0.0
0.0020074844360351562
0.00133514404296875
0.0
0.0
0.0010075569152832031
0.0020661354064941406
0.001171112060546875
0.0015156269073486328
0.0
0.0008783340454101562
0.0
0.0
0.0010068416595458984
0.0014147758483886719
0.0010159015655517578
0.001007080078125
0.0015134811401367188
0.0010132789611816406
0.0
0.0
0.0010073184967041016
0.0012021064758300781
0.00039386749267578125
0.002005338668823242
0.0010819435119628906
0.0015149116516113281
0.0015130043029785156
0.0015833377838134766
0.0
